Label: PD PGCE
Metric: Phase Object Confluence (Percent)
Cell Type: Jag1-B
Passage: 1
Notes: 
Analysis Job: PD PGCE

Date Time	Elapsed	A1	B1	C1	D1	E1	F1	G1	H1	A2	B2	C2	D2	E2	F2	G2	H2	A3	B3	C3	D3	E3	F3	G3	H3	A4	B4	C4	D4	E4	F4	G4	H4	A5	B5	C5	D5	E5	F5	G5	H5	A6	B6	C6	D6	E6	F6	G6	H6	A7	B7	C7	D7	E7	F7	G7	H7	A8	B8	C8	D8	E8	F8	G8	H8	A9	B9	C9	D9	E9	F9	G9	H9	A10	B10	C10	D10	E10	F10	G10	H10	A12	B12	C12	D12	E12	F12	G12	H12
24/10/2017 14:00:00	0	15.51602	17.89633	22.02438	13.15363	14.89127	21.74966	20.99089	19.94967	20.89988	6.17256	21.9029	29.17552	12.20772	18.03251	5.040123	11.16608	9.295146	7.298216	8.918428	14.24453	5.526684	3.879368	8.356811	3.499885	6.681171	3.259627	7.093608	4.313339	3.039716	1.067051	10.78537	6.137166	1.45023	9.302191	10.36773	9.299713	10.27136	3.960731	8.455177	6.558732	1.950613	2.268536	4.14187	5.290092	5.070338	11.82603	9.887502	5.441919	6.87646	10.39901	15.77882	8.463665	4.620912	15.24061	12.19991	18.67443	9.432799	2.583343	12.96473	8.029433	3.47613	15.0287	9.706934	14.09341	4.670544	10.35718	10.57022	8.570873	3.022037	3.22848	12.41928	7.423875	4.135313	8.815401	21.03451	13.33953	2.632653	3.179069	8.897023	8.851599	1.692321	2.028535	3.777272	7.539275	6.087341	10.45379	9.187198	16.0901
24/10/2017 17:00:00	3	16.16579	18.87492	24.64066	14.00855	16.26221	23.52516	24.80278	22.41932	21.23664	6.338524	24.76026	34.19394	13.34727	21.34302	4.739336	12.06027	9.544219	7.488516	9.509239	15.14577	5.300185	3.293058	9.151391	3.362719	7.004851	3.198196	7.474347	4.686035	3.182669	1.245718	11.62171	6.528768	1.422938	9.849733	11.1004	9.129598	11.18475	3.786659	9.220187	7.558793	1.871824	1.94441	4.471654	5.322493	4.92453	13.47084	11.14003	5.240297	6.617749	9.773279	16.45587	8.080385	5.072815	16.16608	13.27974	19.64208	8.831006	3.145091	14.23376	8.218422	3.414731	15.8073	9.789104	16.0625	4.974132	10.89165	10.95665	8.975325	2.114493	3.010979	13.81287	8.184828	3.979597	8.164871	23.77219	15.6954	2.446174	2.990663	9.747986	9.892652	2.023618	2.072447	4.009493	8.066987	6.615049	11.37962	9.928233	16.48792
24/10/2017 20:00:00	6	16.91453	21.76014	27.87983	15.707	17.87614	25.97828	27.99253	24.92693	24.16952	6.784357	27.163	38.00088	14.68801	23.60798	4.854255	14.21193	10.40029	8.047054	9.862494	16.96863	5.662244	3.497314	9.58575	3.949639	7.662139	3.608281	8.125001	5.23059	3.355809	1.278989	13.38694	6.948756	1.446373	10.53724	11.42095	10.01777	11.92163	4.171541	10.03962	8.363399	1.84958	2.135902	4.775855	5.877173	5.421435	15.07858	12.21857	5.501741	7.299561	10.05996	18.65666	8.989831	4.92948	17.02556	14.25484	21.66351	11.30565	2.986676	15.36719	8.725365	3.713173	17.59499	10.51538	17.62412	5.627396	11.95551	11.97185	9.501395	2.719671	2.879308	15.46167	9.103433	4.323848	8.957932	27.08853	17.29476	2.430166	2.921356	10.54784	10.62423	2.178721	2.173513	4.213009	8.942317	7.652918	12.57635	10.65538	17.14113
24/10/2017 23:00:00	9	17.82298	24.37313	31.15224	16.68634	19.8038	28.50482	31.09242	27.5311	26.41933	7.254139	30.69742	42.69564	16.43406	26.02404	5.210497	15.63114	11.47429	8.772004	11.09432	18.97558	6.013505	3.779779	10.82597	4.098473	8.532165	3.361401	8.830418	5.493607	3.379531	1.284615	15.00024	7.370477	1.416574	12.08403	12.37814	10.91852	13.37741	4.156305	11.28173	8.909241	2.124748	2.189425	5.016657	6.305518	5.698989	16.57237	13.80474	6.153498	7.838717	11.0785	21.53206	9.999558	5.211333	18.83854	15.7335	23.32617	12.10011	3.577742	16.77307	9.704235	3.898077	19.09737	11.56925	19.69113	5.82638	13.64019	12.63652	9.79746	2.550585	3.155185	16.98351	10.14875	4.814042	10.29565	30.64912	19.3178	2.859571	2.85131	11.52858	11.53698	3.067267	2.203312	4.463494	10.0971	8.408568	14.4665	11.30372	18.48335
25/10/2017 02:00:00	12	18.73085	26.86676	35.53952	18.72865	21.76621	30.09275	35.28845	30.49395	29.2656	7.573512	34.54617	47.21677	17.84682	28.79245	5.609525	17.65724	12.6677	9.829639	11.512	21.28167	6.348684	3.964138	11.79134	4.121779	9.310096	3.651261	9.905278	5.935514	3.650714	1.279439	16.67138	7.75864	1.443962	13.49639	13.26302	11.65154	14.68505	4.549095	12.83365	10.21507	2.325274	2.452025	5.351007	6.50672	6.072365	18.68964	15.06904	6.773397	7.819141	11.84455	23.84905	10.58169	5.112164	20.49269	16.61503	25.58322	13.97347	3.895055	18.47024	10.78803	4.163411	20.26801	12.41234	22.00905	6.218077	15.28946	13.6746	10.82008	2.755097	3.104427	19.44621	11.33262	5.195003	10.70851	34.21629	21.22042	2.52011	2.751946	12.71053	12.77701	2.852305	2.407279	4.845191	10.96037	8.873978	16.39793	12.09098	19.85567
25/10/2017 05:00:00	15	19.58377	28.79901	39.71585	20.25938	23.81768	33.53788	38.10884	33.085	31.36214	8.243294	37.56617	51.10961	18.80018	32.1097	6.001128	19.03617	13.85086	10.76116	12.49807	22.95722	7.132178	4.292927	12.81706	4.073079	10.62441	3.635894	10.85458	6.736305	3.586709	1.442804	18.46679	8.423035	1.594855	15.48687	13.87912	13.05847	16.35898	4.916397	14.29261	11.04743	2.386866	2.271494	5.538127	7.331614	6.543367	20.50578	16.56858	7.494851	8.896025	12.64457	26.41361	11.47878	5.642731	22.11753	18.66366	28.04183	14.93159	4.168393	20.39369	11.75833	4.243452	22.07108	14.01099	24.31427	6.437089	16.47252	15.22301	11.84991	2.23771	3.536853	21.91625	12.13753	5.437288	11.30057	37.8806	23.20272	2.498573	3.077971	14.11678	13.45422	2.284416	2.447365	5.035625	12.66237	9.75908	18.24547	12.87483	20.33527
25/10/2017 08:00:00	18	21.28412	32.45275	43.57957	21.98475	26.0749	36.26685	41.85434	36.32965	34.88534	8.743782	40.82863	56.154	20.6542	34.95874	6.577055	20.6902	15.31999	11.85477	13.3511	25.50361	7.215024	4.350915	14.22081	4.511419	11.72641	3.900006	12.11168	7.257135	4.107669	1.403683	20.37719	8.887667	1.650789	16.57816	14.63066	14.04393	18.56844	4.962074	16.26929	12.54436	2.631142	2.640272	5.881673	7.664261	6.796934	22.47269	17.81903	8.395483	9.516702	13.37415	28.06491	12.8248	5.902823	24.11416	20.31348	30.68342	16.30359	4.472364	22.09342	12.52748	4.544596	24.10503	15.44572	27.4933	7.041174	18.39655	16.47606	12.50457	2.092923	3.48947	23.90694	13.13482	6.037996	12.32722	41.30156	26.12835	2.623717	2.788916	15.63092	14.73742	2.747928	2.135999	5.561178	14.29856	10.48853	20.16522	13.41635	21.46543
25/10/2017 11:00:00	21	22.38774	35.1749	47.64405	23.99097	28.68338	38.72203	44.86263	38.89872	37.97334	9.17412	44.8302	60.58524	23.25868	39.16153	6.070464	22.71482	16.99287	13.1699	14.19286	27.33228	7.802545	4.691245	15.41653	4.735382	12.59879	4.249046	13.07724	7.931428	3.984646	1.321936	22.73568	9.876766	1.538471	18.79128	15.75192	15.42592	19.43384	5.366148	18.51145	13.43803	2.7	2.822635	6.546384	8.001081	7.214059	24.24939	20.05504	8.699713	10.27866	14.69344	32.61277	14.07585	6.197212	26.25192	22.11975	33.21342	19.341	4.938609	24.18838	13.89665	4.864995	25.09075	17.14106	29.40254	7.470484	20.54892	17.66156	13.1163	2.227004	3.74098	26.51562	14.3609	6.228271	12.5765	44.66779	27.38261	2.894065	2.668656	17.15351	15.60246	2.294542	2.308397	5.724867	15.38346	12.04527	22.30289	14.36285	23.37689
25/10/2017 14:00:00	24	23.49194	38.37097	51.70366	26.03385	31.2136	42.28216	48.46957	42.99729	40.99882	9.922855	47.80514	64.34209	24.97041	42.77072	7.279635	25.30465	18.56279	14.39719	15.43805	29.29261	8.34376	5.222648	16.85779	5.147782	13.91581	4.320186	14.42226	8.713367	4.51023	1.633525	24.8031	10.24783	1.695504	20.13037	16.95899	16.906	21.51027	5.820499	20.85884	14.96922	2.844946	2.915794	6.968011	8.777724	7.793389	26.54484	21.62972	9.380559	10.6824	15.71154	35.53074	15.26383	6.552269	28.43705	23.97657	36.20545	21.27002	4.900515	25.99793	15.0917	5.086704	27.77914	19.0443	33.40102	7.82129	22.71577	19.40105	14.43486	3.165889	3.680674	29.82183	15.84182	6.871704	13.98228	48.00119	30.44621	2.771299	2.699742	19.43767	16.77798	2.757508	2.431516	6.192267	16.92212	12.80544	24.83889	15.04043	23.72761
25/10/2017 17:00:00	27	24.82056	41.57725	56.04091	28.6342	34.15372	44.43429	51.84769	46.78365	43.66414	11.18497	51.8072	67.89529	27.50937	46.03302	7.775803	27.00587	19.83325	15.6468	16.26278	32.90719	9.395608	5.31568	17.59865	5.00962	15.9462	4.71471	15.62221	9.344653	4.365542	1.475272	26.77908	11.31385	1.860219	21.85382	18.2328	18.52505	23.50894	5.848177	23.58086	16.02245	2.711283	2.800905	7.125654	8.85594	8.486419	29.81019	24.00972	10.37039	11.19137	17.05031	38.85263	16.78807	6.995849	30.23908	26.27142	38.11889	23.33403	5.345448	28.29741	16.33829	5.53469	30.04741	21.06716	36.08979	8.127899	25.00199	20.4732	15.49551	3.076555	3.59089	31.1834	17.20467	7.057539	14.87157	50.98091	35.04585	2.89146	2.879212	20.63291	18.27597	2.17287	2.322606	6.599203	19.02742	14.36738	27.79954	15.98857	26.14033
25/10/2017 20:00:00	30	26.04301	44.12309	60.21555	30.75323	36.98829	47.62202	54.93	49.74545	47.13824	11.71005	54.84541	71.14072	29.8754	49.43251	8.702411	28.4093	21.98713	17.70487	17.4931	35.09902	9.967541	5.858011	20.18174	5.42835	17.40071	4.647624	17.15998	10.08022	4.713875	1.786766	29.33546	12.05805	1.508029	23.86436	19.88009	20.25286	25.54556	6.37553	26.29428	17.65443	3.652675	3.174536	7.869256	9.765065	8.900754	32.46671	25.24051	11.11618	12.28186	18.41774	42.07231	17.70686	7.28661	32.81946	28.11255	41.94631	26.64829	6.241608	29.9548	18.10937	5.808154	31.36208	22.87992	38.21429	8.842476	28.52954	22.08633	16.29055	1.960354	3.625994	35.25609	19.15591	7.782138	16.05567	52.90267	37.92049	2.810549	3.087517	22.45121	19.45287	2.275641	2.368125	7.175418	20.19422	15.17573	30.16654	16.84172	27.13947
25/10/2017 23:00:00	33	27.36385	47.70803	63.78561	32.97762	40.39455	50.53047	58.31107	53.15956	48.57894	12.25046	58.60897	74.37177	32.83066	53.09344	9.59639	31.35	24.00524	18.85918	18.6895	37.90921	10.78067	6.340134	22.43379	6.185481	19.35377	5.143956	19.03089	11.11936	4.585163	1.62189	31.76824	12.88893	1.986714	26.59667	20.96222	21.64429	27.80798	6.911659	29.67695	18.99984	3.9498	3.4011	8.438432	10.42469	10.02149	35.47361	28.01159	12.38572	13.37539	20.56288	46.52198	20.18607	7.819911	34.72198	30.17319	44.26118	29.16261	6.454607	32.15047	19.21805	6.14588	35.05583	25.10803	42.57323	9.193349	30.56831	24.08278	17.48381	2.271976	4.07112	39.27877	21.04841	8.50462	16.59535	56.81414	39.4913	2.889627	3.306433	25.47898	20.85588	3.005867	2.640206	7.778667	22.70323	16.6527	33.00206	17.36627	29.20154
26/10/2017 02:00:00	36	28.69254	51.13024	67.645	35.5769	42.53597	53.84665	61.51961	55.83584	51.44271	13.10119	61.35257	77.05483	35.8384	56.55333	9.849731	33.24371	26.07604	20.43596	19.68701	40.57761	11.93969	6.950784	23.17141	5.915168	20.94223	5.400737	20.66365	12.3933	4.759202	1.861987	34.20013	13.7823	2.067302	28.44889	21.79939	23.48149	29.91102	7.458814	32.41444	20.66812	4.082531	3.873292	9.153161	11.31484	10.41463	38.43274	30.08316	12.95259	14.62729	21.35425	49.23362	21.6347	8.351702	37.17442	32.31226	47.5006	30.66922	6.969971	33.98706	20.87295	6.53716	36.34465	27.17268	44.76634	10.09407	34.26943	25.73795	18.96249	2.553929	4.23516	41.63697	22.60378	9.052638	17.93012	59.01345	44.46251	3.024545	3.38403	27.60223	22.07089	3.217741	2.757797	8.370986	24.82313	18.2166	36.33355	18.17372	29.94277
26/10/2017 05:00:00	39	29.91887	53.8886	70.81871	37.81343	45.42294	56.34041	64.72389	60.11084	54.59368	14.20444	64.82416	79.85738	38.54152	59.38788	10.79195	34.75996	28.41805	21.84653	21.37863	42.41621	13.13768	6.815189	26.2877	6.472064	23.86058	5.963518	22.35452	13.50125	5.149131	1.197274	36.52122	14.79667	1.715306	31.03256	23.95221	25.66912	31.8619	7.71492	35.59394	22.4726	4.275435	4.079219	9.520552	11.91353	10.94006	41.62111	32.16615	14.45396	15.77226	23.06708	54.16986	24.95295	8.863756	39.92783	34.51053	49.94286	34.34501	7.683386	36.57343	22.76665	6.92021	38.85985	29.20997	48.68377	10.65273	37.64066	27.72121	19.75845	1.683514	4.395017	45.2474	23.88798	9.578903	18.59079	62.52686	47.00363	3.018887	3.423861	29.9208	24.3349	2.993556	2.879694	8.966746	26.78867	20.27428	40.29475	19.97596	31.2814
26/10/2017 08:00:00	42	31.4784	57.69862	73.54501	41.02769	49.52924	58.95628	67.47178	63.02588	55.93001	15.19819	68.16122	82.47198	42.3021	62.52381	11.65765	37.15539	30.25566	24.04478	22.71761	46.48269	14.04233	7.886518	26.98351	6.738459	25.31104	6.476886	24.56549	15.27303	5.767297	1.582928	39.37436	16.09459	2.199809	32.58953	25.80973	27.97038	35.02166	8.492915	38.56822	24.28653	4.613706	4.359371	10.48246	12.2249	11.82991	45.07275	34.6807	15.58256	16.66452	24.69326	57.35203	26.9929	9.260921	42.06425	36.82588	51.96458	37.5609	8.649146	38.90604	24.23833	7.305606	41.35348	31.52179	52.73703	11.0111	40.31346	29.36162	21.04891	1.765453	4.477992	48.89985	25.58287	10.80347	20.21887	65.15948	49.26018	2.621177	3.724006	32.41324	26.00421	3.816169	3.023323	9.796694	29.80144	22.44369	43.59371	20.78288	33.78487
26/10/2017 11:00:00	45	33.50227	60.84347	76.41084	43.75358	52.84037	60.7483	69.93077	65.20583	58.7281	15.76394	70.98714	84.37475	45.93375	65.5941	12.1319	38.81709	32.57165	25.88501	23.87431	48.98394	14.93383	8.380153	30.79478	7.323224	28.07995	6.95554	26.53776	16.08163	5.905426	1.526159	42.2464	17.01566	2.65358	35.09791	27.29911	30.19333	36.26672	8.581416	41.45366	26.33308	5.033312	4.481075	11.24789	13.72608	12.59348	48.50801	36.85553	17.09279	17.10358	26.184	61.34098	28.80922	9.737571	43.80039	39.57121	54.46509	41.31985	9.30952	41.61674	26.3169	7.718006	43.22387	34.13829	55.59201	11.70818	43.64866	31.93692	22.26943	1.403298	4.734417	52.63624	27.98347	11.19729	20.97592	67.61118	52.28196	2.628442	4.002969	34.31094	27.95035	3.508854	3.246672	10.3887	32.44319	24.15831	47.23891	22.12718	34.62597
26/10/2017 14:00:00	48	34.41531	64.67082	79.07896	46.4631	55.79801	64.34472	72.20822	68.89439	60.36014	17.03388	73.43943	86.09951	49.4524	68.89375	13.4909	41.11726	35.13999	28.33522	25.78911	51.70927	16.15855	9.015349	32.3629	7.868998	29.92375	7.80458	28.59791	17.96597	6.413494	1.717459	44.67662	18.20972	2.483657	37.41659	29.05877	32.38225	39.53374	9.259725	44.66412	28.01282	5.337987	5.072498	11.89389	14.0531	14.16111	51.89896	39.35899	18.6265	18.4893	28.14315	65.55866	30.58153	10.17839	46.23546	41.71687	57.06437	43.84104	9.45806	44.46973	28.32472	8.253271	46.18846	36.57494	59.33984	12.25617	46.8063	34.50888	23.88068	1.714566	5.020613	57.17896	29.93383	12.30025	21.99538	69.96686	58.71918	2.345044	4.087896	37.15663	29.68539	4.148239	3.324497	11.00737	35.12106	27.22279	50.81315	24.05163	35.87649
26/10/2017 17:00:00	51	36.3779	67.34509	81.27521	49.29521	59.60818	66.58881	75.01711	71.30103	63.15902	17.77704	75.77804	87.29235	51.99551	71.67513	14.2866	43.74619	37.3275	30.27129	27.2931	54.0021	17.86634	9.018826	34.65016	8.476009	31.22629	8.685471	30.91772	20.26089	6.812778	1.533616	47.72163	19.33345	2.481953	39.51624	31.53453	34.67074	41.57906	10.09057	48.50716	30.57721	6.033176	5.440245	12.89167	15.19183	14.80753	54.88917	41.96817	20.18404	20.31687	30.50626	68.04331	32.23449	11.06266	48.58369	43.82564	59.51971	45.47103	10.76955	47.29644	30.27608	8.909434	47.6881	39.52018	62.56608	13.01697	50.47934	37.7815	25.60711	2.067014	5.121358	58.52811	31.92996	13.12222	22.88251	71.9442	59.81017	2.610826	4.492679	39.53245	30.77376	3.529813	3.589861	12.0207	38.44193	30.05531	54.19629	25.04856	37.53458
26/10/2017 20:00:00	54	37.95332	69.49165	83.63595	51.96121	62.4673	67.48302	76.47382	73.42037	64.45274	20.08615	78.62785	88.86877	55.95728	74.41784	15.98317	44.98996	39.68441	32.58822	29.0671	57.1815	18.82731	10.33552	36.0327	9.008442	34.4198	9.298943	33.5045	21.55835	6.845277	1.766707	50.67959	20.84218	2.840027	41.81753	33.7197	37.61114	44.62141	10.32999	51.68917	33.13942	6.209174	5.912181	13.76173	16.06957	15.74986	58.47427	44.75729	21.92917	21.09803	31.44081	71.07086	35.79353	11.79494	50.25195	45.88655	61.891	51.50338	11.35689	49.86768	32.30406	9.399272	50.43356	42.22496	64.76042	14.08779	54.12546	40.0499	27.13005	1.937916	5.445646	62.11641	34.36813	13.4277	23.9694	71.87376	62.12785	2.626802	4.378657	42.60171	33.95738	4.133866	3.385349	13.05413	41.82569	32.7099	59.13613	26.56763	40.06139
26/10/2017 23:00:00	57	39.2206	74.00829	85.49332	54.6995	65.51202	70.34466	78.41574	75.85181	66.29787	20.59656	80.91392	89.82388	59.59011	77.09976	17.30363	45.38874	42.69024	35.30846	30.84734	59.96123	20.4836	10.99358	37.65229	9.708707	36.81298	10.04949	35.33193	23.60898	7.240416	1.871599	52.87843	21.65362	3.466904	43.69231	35.07176	39.91209	46.96956	11.03199	54.51657	35.38069	6.893144	6.407838	14.58305	16.8647	17.14129	61.64956	47.1559	22.90184	22.58233	33.56728	73.5154	38.98986	12.132	52.48938	48.71936	63.27981	55.327	12.4061	52.6323	34.08617	10.17826	52.96763	44.76483	67.95636	14.6	57.25681	42.32756	28.71318	1.529856	5.388554	66.00225	36.51086	14.65883	25.08398	75.15677	66.01978	2.56145	4.931277	46.11074	35.24571	4.512321	3.467193	14.35821	44.85158	35.64272	61.93947	28.09117	41.56593
27/10/2017 02:00:00	60	41.10448	76.67682	86.96384	57.22246	68.57151	72.12467	80.61753	78.97613	68.46574	23.16736	82.56693	90.8069	63.35965	79.50823	18.57339	48.38442	44.52169	38.52517	32.74092	62.32803	21.89008	11.95088	39.64189	11.01743	39.28336	10.72095	38.71103	26.22354	7.77751	1.774808	56.05766	22.83726	3.090379	46.37463	38.28327	42.16939	49.46749	12.59663	58.12639	38.00479	6.841581	7.019831	15.62985	18.23419	18.31066	64.4332	49.57875	25.258	22.90439	36.65276	75.78837	42.06192	13.34518	54.63767	50.74472	66.66654	57.66697	13.51871	55.53683	37.1655	10.81658	55.34078	47.78786	69.28702	15.47931	60.6642	45.26112	30.47927	1.89603	5.752573	68.43488	38.6548	15.71938	26.18451	75.37849	69.08181	2.706587	5.291636	47.66275	37.80997	4.164888	3.794758	15.89445	49.20446	38.25891	66.065	29.38955	42.68993
27/10/2017 05:00:00	63	41.75208	79.90977	88.49096	59.78276	70.694	74.10291	82.34454	79.9537	70.50727	24.81347	84.60145	91.85518	66.68974	81.64153	20.081	50.95218	47.5018	41.0247	34.43309	65.01819	23.454	12.74437	42.40154	11.29504	41.44217	11.63059	41.23398	28.50349	8.516127	1.944892	58.23741	24.52703	3.404798	48.05898	40.88952	45.94745	51.88838	13.10608	61.77509	40.41109	7.907186	7.341864	16.79411	19.15199	19.36306	67.41347	51.98575	26.59929	23.88557	38.83605	78.20611	44.78074	13.90346	56.7367	52.56296	68.64276	60.95383	15.0232	57.37379	38.81012	11.3844	57.54472	50.49984	74.55153	16.58403	63.34099	48.10143	31.982	1.568977	6.044683	71.94525	41.20889	17.30076	27.63783	77.38983	70.65524	2.953534	5.520095	50.54359	39.51031	4.364964	4.141549	17.82596	52.47009	41.88724	69.5252	30.75836	45.25001
27/10/2017 08:00:00	66	44.87197	82.16443	89.84257	62.72706	73.34119	75.53429	83.37387	81.87239	71.79972	25.60892	86.25872	92.94123	70.01164	83.72093	21.21943	52.35184	49.84634	45.13984	36.33244	67.70428	25.15642	13.83152	44.70911	12.35422	44.88622	13.23379	43.70001	31.56262	8.813185	1.734978	60.44464	25.52675	3.943468	51.16874	43.08162	48.44292	54.22599	13.34104	64.09695	43.57108	8.22935	7.772852	17.65453	20.23569	21.12597	69.82818	54.15238	28.4384	26.64371	39.97536	80.21651	47.84576	14.69133	58.62959	54.94289	70.53349	65.05344	16.11017	60.58364	41.04394	12.01839	59.31243	53.65797	76.45892	17.83545	67.02267	50.89795	33.77541	1.786702	6.695927	72.93411	43.05793	18.33088	28.66116	80.0019	73.3849	2.836426	5.5191	53.30315	41.45551	4.277303	4.332497	18.90935	56.62428	44.66975	73.28598	31.88723	48.12213
27/10/2017 11:00:00	69	45.45143	85.47854	89.98693	65.14943	75.30589	76.47027	83.17783	84.51081	74.09712	28.80249	87.95358	93.20053	72.12582	85.45587	21.92373	54.12282	51.24602	49.21066	38.40545	69.52754	26.33117	14.8933	47.02513	12.73807	47.3992	14.45913	46.81338	32.52028	8.647991	2.361599	62.80312	26.33238	4.228793	52.84196	45.5012	50.70255	56.4984	14.33948	67.62813	45.28034	9.737991	9.100345	18.70637	22.00018	22.68939	73.25981	55.73262	29.249	29.22669	44.4939	81.93305	52.44193	16.50898	61.01076	56.78375	70.6058	69.18198	17.34497	62.21975	42.51972	12.98656	60.10574	57.51826	78.21718	20.06787	68.21799	54.00089	35.89322	1.901689	7.117519	76.76728	46.14745	21.1198	30.11017	80.45507	76.38216	2.941253	6.913878	53.43655	44.5901	4.600916	4.882383	20.79672	60.01159	47.0132	75.92251	33.84006	51.03284
27/10/2017 14:00:00	72	47.79654	87.5715	90.86702	67.47694	77.37437	77.84248	85.37903	84.92267	75.61543	31.17798	89.29267	94.00986	75.55666	87.09255	24.02068	56.05852	53.55488	52.65731	40.37017	71.77847	28.83836	15.30644	48.12777	14.09033	50.374	15.75738	49.66628	35.09617	9.159817	1.897187	65.1675	28.28259	4.838185	55.36848	47.97637	52.71698	59.05971	15.51072	70.79065	48.24661	10.07089	9.81257	19.7182	21.99394	23.39402	75.44573	58.50761	31.20871	30.04218	45.06239	83.63035	53.75702	17.52305	62.74106	58.81833	72.37347	71.93477	18.58924	64.62033	45.02214	13.82203	62.53335	59.82713	81.2172	20.26503	71.63081	56.30866	37.03132	1.677598	7.384588	79.56966	48.84484	21.22403	30.44005	81.48569	81.45474	3.932505	6.497781	56.88649	46.08742	4.553372	5.216542	22.21199	64.40954	50.10627	78.18186	34.89219	48.87951
27/10/2017 17:00:00	75	49.55761	88.89165	91.79277	69.79816	80.02101	79.58005	87.02055	86.95591	77.24783	33.2683	90.67313	94.98978	78.23563	88.47137	25.68358	57.46264	55.60724	55.78939	42.16036	74.06912	30.31163	16.95886	50.95432	13.64561	52.85073	16.84124	52.52703	38.0471	9.584269	2.089805	66.9287	29.52958	5.035912	57.96345	49.25973	55.39048	62.45505	15.91396	73.30038	51.01675	11.2575	10.18823	20.76054	23.27338	25.50185	77.31712	60.51419	33.6911	30.73555	48.80822	85.17286	57.66959	18.43602	64.55592	60.93718	74.51331	75.11158	19.89292	66.55782	46.91624	14.40976	64.05455	62.91435	82.93372	21.9102	75.25354	59.33299	38.91909	1.807949	7.628352	82.12721	51.55964	22.34767	32.13615	82.89352	81.20747	3.860209	7.11942	59.80145	48.65556	4.903536	5.227921	23.96175	67.37231	55.79427	81.11382	37.01443	53.41336
27/10/2017 20:00:00	78	51.18379	90.77487	93.16623	72.71478	81.30791	80.36073	87.3704	88.02303	79.18235	35.35904	91.99641	95.62196	80.85722	89.95052	27.30001	59.80192	58.35357	58.7525	44.02388	75.87386	32.31607	18.54874	52.05812	15.49117	54.05359	18.3635	56.13811	40.92456	10.29856	1.922679	68.88164	30.19492	5.383249	59.28386	52.51954	58.01914	63.88097	17.38251	75.70578	53.44231	10.98525	10.84632	22.38924	24.81684	26.45907	79.85445	62.53212	35.98964	32.41745	50.00732	87.51877	59.77681	19.16945	65.99532	62.58044	76.0797	77.08591	21.4842	69.02396	48.78617	15.29601	66.34219	65.2274	84.14043	22.78578	77.64078	61.26135	41.00149	2.234075	7.863245	83.49748	53.59291	24.59326	32.67069	83.90656	82.57387	4.154183	7.886451	61.85714	50.37358	4.925459	5.561789	25.68556	71.50568	58.45314	82.89858	38.21939	55.13553
27/10/2017 23:00:00	81	52.64985	92.72261	93.46036	74.09248	83.06087	82.21632	89.16834	89.44675	80.0337	37.77394	92.74765	96.02103	82.72211	91.11276	28.75156	61.53074	60.72699	61.36171	46.70701	77.58325	34.81115	19.90695	54.55545	16.49824	56.1822	20.15532	57.95865	44.60494	10.91457	2.217489	70.99545	31.83475	5.484704	61.67253	55.32125	59.96303	65.90697	17.92639	77.61316	56.83483	12.30648	11.40781	23.49728	25.96961	28.16148	81.5328	64.44262	38.40961	32.75093	53.52912	88.58549	62.26885	20.08517	67.70385	64.0379	77.67561	80.87714	23.89141	71.64673	50.74047	16.26596	67.26118	67.42986	86.82363	23.83941	79.68031	63.13873	42.39208	1.674641	8.173576	85.18799	55.94229	25.50853	34.80383	84.60692	85.88072	4.414405	7.526289	63.29709	52.36822	4.8684	5.965185	29.10926	74.82693	62.29807	85.77742	40.43197	56.72091
28/10/2017 02:00:00	84	54.01912	93.75623	93.99287	76.00024	84.8475	82.52383	89.23914	90.2309	80.91236	39.36562	94.18362	96.25947	85.73734	92.29839	30.87361	63.3735	62.77284	64.72761	48.46282	79.80816	36.58195	21.09894	55.56628	17.17971	58.93457	21.125	61.25135	47.36918	11.66748	2.144742	72.73297	32.9808	6.374565	64.05322	57.56179	63.32613	68.24181	19.40623	81.1581	59.04523	13.75527	12.2094	24.86627	27.72507	30.07394	83.42802	66.57319	39.97261	36.56059	54.23748	90.47626	65.59387	21.34306	69.41509	65.11217	79.19121	80.73478	25.76015	73.19308	52.67562	17.06386	69.43059	70.33402	87.64966	25.23647	81.69044	65.64972	44.43596	1.788792	8.548856	86.74355	58.23181	27.96895	36.22124	85.88814	85.83575	4.571887	8.338326	66.86185	55.80664	5.213969	5.92806	30.71083	78.52894	64.11369	88.30003	42.36747	56.31658
28/10/2017 05:00:00	87	54.74622	95.51121	94.78469	77.89127	86.45048	84.16228	90.21433	91.24924	82.07227	42.58351	94.6237	96.53062	86.84953	93.15444	32.65063	65.85999	65.59773	67.64497	51.17496	81.71043	38.54565	22.60552	58.07463	19.67082	61.57732	22.93337	63.26566	51.18357	12.0886	2.281749	73.59187	34.31621	6.097467	66.38701	60.21235	64.83212	70.16125	19.37907	83.33434	62.15925	14.40927	13.68319	26.45072	28.57684	31.80886	85.39455	68.36507	42.78096	37.55429	56.45144	91.42603	68.90076	22.34066	71.14582	66.6571	80.08801	84.50449	27.08878	75.27042	54.23107	18.19793	70.7291	72.37222	88.75565	26.83752	82.39841	67.62466	46.47204	2.477646	9.011976	88.21806	60.5104	28.8018	36.86778	86.30434	86.46477	4.656689	9.074243	69.01273	55.9726	5.423944	6.579207	33.55827	80.29742	66.21012	88.84241	44.36864	60.15201
28/10/2017 08:00:00	90	57.63901	95.97916	94.8166	80.41917	87.23956	85.64891	90.73887	91.76364	82.99296	44.60345	95.06113	96.39739	88.38657	93.84747	33.53333	67.10195	67.09291	70.57629	52.56276	82.23866	40.17746	25.56568	59.30455	20.90377	63.02196	24.5335	65.97815	53.60658	12.89617	2.419623	75.49445	35.44035	7.195955	67.73432	61.95998	66.92654	72.36745	21.23128	84.43191	64.48882	15.78294	13.99713	27.78817	29.33398	33.00774	86.81618	69.75263	44.43477	39.19643	58.22062	92.67364	72.32329	23.34397	72.63763	68.19195	81.39586	85.96225	29.46786	76.88108	55.11331	19.32312	72.61712	75.05222	90.57594	27.61237	85.90063	69.35374	48.04942	1.854498	9.523092	88.90395	62.80306	31.8742	37.9269	86.97137	87.78504	5.149548	9.869339	70.53814	58.32046	5.802366	7.011569	35.88852	82.91682	69.26902	90.22684	45.48266	60.44129
28/10/2017 11:00:00	93	59.00229	96.19563	95.46855	81.31467	89.13329	86.28454	92.30034	93.05463	83.87949	46.39837	95.23109	96.85339	90.03066	94.79797	35.50005	68.47697	69.57953	73.75828	54.75065	84.16405	42.27061	27.44807	61.29301	22.78769	65.12281	26.27149	67.72294	57.33075	13.68219	1.910367	76.64771	35.23689	7.228428	69.84283	65.08707	69.74208	74.39268	21.41498	86.44566	67.47442	16.05146	15.23411	29.20376	31.76934	34.96721	88.52971	71.24419	46.30917	39.80594	59.90146	93.82725	74.21483	24.32513	73.06178	69.41927	82.11488	88.29333	30.44854	78.82417	56.67237	20.5361	73.73787	77.3224	90.22523	29.28758	86.81422	71.35762	49.76392	2.179782	9.844072	90.87059	65.18272	33.332	39.81404	88.60681	91.32745	5.472391	10.66283	72.80918	59.40409	6.213547	7.114885	37.77554	85.4767	73.66738	91.06483	47.34267	62.5494
28/10/2017 14:00:00	96	60.22733	97.05149	95.83491	82.47424	89.99921	86.50455	92.87756	93.84856	85.19006	50.45903	95.88525	97.25008	91.42159	95.4998	37.47982	71.05317	71.65377	75.8259	56.67738	85.21306	43.80943	29.4459	63.15866	22.1595	66.72055	27.29236	70.80881	60.75475	14.8571	2.227615	77.84666	37.86511	8.059721	70.717	66.98449	71.34343	75.05992	22.4237	88.20004	69.13928	16.93855	16.38497	30.64467	31.91768	37.37949	89.86346	72.84263	48.0301	42.52613	61.53492	94.82672	76.45087	25.11325	75.05639	70.70834	82.91982	87.65243	32.33109	80.66599	57.40021	21.72121	74.70389	77.99718	91.77237	30.78414	87.60834	72.89365	52.2099	2.321545	10.15245	92.26588	66.83559	34.39122	40.9221	89.06897	90.23632	5.546454	10.01583	74.12862	62.37614	6.037547	7.928082	40.73745	87.08268	75.183	93.4682	48.10907	65.69026
28/10/2017 17:00:00	99	61.57105	97.72665	96.28513	84.07899	91.1787	87.57209	94.39326	94.35164	85.69256	51.35204	96.49664	96.79324	92.74413	96.30197	38.41056	70.56645	72.97544	78.01112	58.65916	85.90678	45.73586	30.38698	64.92316	25.22713	68.20364	29.3343	72.71632	62.78341	15.44524	2.35308	78.4547	39.46051	7.612022	73.42309	69.25982	72.74669	77.41083	23.68073	89.51804	71.42819	17.78775	17.87146	32.03609	33.73408	39.03949	91.05631	73.93953	50.20822	43.18478	63.81643	95.26966	79.43623	26.70936	76.01112	71.95869	84.35559	88.67933	34.74553	82.04191	59.17707	22.68145	76.27498	80.03294	92.49408	32.29001	90.55292	74.3342	53.55193	2.531071	10.87641	93.00506	68.58968	37.1355	42.1629	89.38174	90.6717	5.519066	11.79257	75.82217	62.71746	6.712674	8.469707	43.9322	89.45974	77.11977	93.06048	50.13236	66.29664
28/10/2017 20:00:00	102	64.07123	98.00371	96.51462	84.71876	91.65366	87.55756	94.6645	94.95062	86.34605	55.57409	97.24024	97.50984	93.60654	96.50208	40.95301	73.17651	74.51781	80.86736	60.15503	87.03342	47.78459	33.59364	66.69123	26.46051	70.73393	30.45272	74.09782	66.58693	15.67096	2.558621	79.61399	40.3022	8.950128	74.84447	71.66591	74.24232	78.60569	24.50658	90.63426	73.72128	19.21516	18.60995	33.68833	35.58323	40.17609	91.49319	74.94776	52.13231	44.4253	66.58689	95.9923	81.19336	27.84372	77.59476	72.93309	84.9923	89.90936	36.5535	83.24262	60.28307	24.03832	76.99989	81.19492	93.57679	34.16208	91.41193	76.06463	55.2753	2.209903	11.1372	93.8978	70.01796	39.07542	43.83081	90.56297	90.95442	5.794365	12.69545	77.7351	65.19917	6.828851	9.117896	47.51566	90.12629	77.07205	94.43649	52.53448	67.70549
28/10/2017 23:00:00	105	64.24133	98.44941	97.12383	85.70523	93.06425	88.32389	95.48584	95.49994	87.16438	58.91042	97.06049	97.72144	94.66974	96.86841	42.57309	75.50655	76.6347	83.96119	61.65154	87.28367	49.37119	36.00002	67.94514	28.27116	71.74171	32.32062	75.76594	68.88482	16.76284	2.204663	81.1925	41.15809	9.483847	76.28467	73.45654	75.90087	79.79821	25.26986	92.13213	75.28734	20.40407	19.94091	35.45819	36.27822	42.45753	93.28064	75.90808	54.25451	46.43607	68.09752	96.67262	83.45016	28.78634	78.72615	73.59167	85.96614	90.79283	37.52442	84.51674	61.05772	25.2849	78.21391	81.70569	93.6004	34.5847	92.97688	76.98679	57.10946	2.399371	11.67594	94.78548	72.1069	41.38006	44.70109	91.13371	93.32161	6.151312	13.13813	79.58907	68.24243	7.123662	9.547332	49.69582	91.40126	79.57254	93.62045	54.23866	68.4583
29/10/2017 01:00:00	107	65.83691	98.79134	97.15286	86.91781	93.87508	88.90681	95.33374	95.61999	87.9752	59.48056	97.29241	97.90851	95.6401	97.3407	44.66156	75.79891	77.92132	85.34186	63.77034	88.803	51.23163	38.62913	69.95008	30.62897	73.22415	34.40049	78.05376	71.61832	18.02328	2.265419	82.07257	42.09599	10.32799	78.40313	75.47272	77.65296	81.56979	26.4487	92.15624	77.08002	21.67642	22.097	36.92568	37.92039	44.47964	94.3828	76.79485	55.97291	46.63966	70.05373	97.3937	84.29388	30.01447	79.86908	75.06562	86.45668	89.0582	39.28023	85.66585	61.92635	26.27037	79.46332	84.18307	94.62181	36.10885	93.16283	78.38916	58.46437	1.681713	12.12502	95.35832	74.04506	43.30462	45.86557	91.26541	94.68971	6.556543	13.66224	81.13284	69.10925	7.796731	10.45944	54.01118	92.90987	79.90366	95.97938	54.15958	69.80994
29/10/2017 02:00:00	108	66.86266	98.94635	97.72445	87.54678	94.14498	89.49529	95.62144	96.27711	88.35902	60.7605	97.57197	97.7262	95.66624	97.65235	44.52603	77.25348	78.86496	86.16309	64.21468	88.3604	51.101	38.95453	70.4282	30.23018	75.14452	34.38081	78.62627	71.88119	18.31581	2.427884	82.48689	42.66174	9.940414	78.60448	76.64941	78.31915	81.74695	27.38829	92.7498	78.02201	22.64123	21.43364	37.25997	38.23842	45.3381	94.73302	77.61452	56.31111	49.2248	70.26421	97.40644	86.2571	30.4865	80.65425	75.18122	86.78056	91.11407	40.40145	86.41248	62.71281	26.90619	79.91007	84.13776	94.56197	37.10443	94.34956	79.19318	58.79123	1.788599	12.69567	95.90279	74.93958	44.63568	46.43834	92.15731	94.42899	7.011152	14.61131	82.09959	70.56889	7.947015	11.25557	55.9748	93.42523	81.58476	96.32495	57.0606	69.69922
29/10/2017 05:00:00	111	68.23254	99.18912	97.27787	88.0797	94.45567	89.71445	96.22398	96.46111	88.98133	65.10636	96.97059	97.80598	96.27694	97.5183	45.61648	77.08053	80.28023	87.02993	65.41357	89.16859	52.75399	39.91415	71.74911	31.55703	75.04839	36.0614	78.98432	74.55077	19.64153	2.228901	83.24102	44.02684	9.693211	79.56963	78.40295	80.0267	83.45358	27.13431	93.30538	80.32677	23.90535	23.33654	40.57434	39.55399	47.10131	95.14787	79.01275	58.71318	50.27508	71.07083	97.10799	87.73869	32.33994	81.18361	76.42708	87.46364	88.97286	43.48067	86.89554	63.02645	28.18029	81.16811	84.37201	95.13624	38.6373	94.41676	79.97091	59.77621	3.041838	13.18713	96.09039	76.92413	45.60009	47.28555	91.79118	95.45393	7.191008	14.8851	81.95656	70.82418	8.662356	12.27044	57.04094	94.0406	82.87181	97.18618	57.02993	72.43381
29/10/2017 08:00:00	114	68.19263	99.36148	98.26746	88.7334	95.29776	90.12891	96.98614	96.69485	88.93588	66.00827	97.68867	98.37069	97.02982	98.15897	48.5368	79.0297	81.07573	88.63284	66.97435	90.1297	55.26247	44.33212	73.82063	34.59919	76.7524	37.91671	81.08997	76.11353	20.30634	2.236295	83.89038	45.13473	10.86927	80.60147	79.49097	81.17475	85.13544	28.34363	94.18309	81.60535	24.47618	24.4551	42.46105	40.89646	49.98449	96.03265	80.5861	60.50424	48.99578	73.09827	97.6591	89.23186	33.38313	82.34752	77.17085	88.38764	90.2424	45.48664	88.06945	65.06633	29.47712	82.27661	86.01373	95.76347	38.76663	95.03255	81.34402	61.56102	1.832252	13.43869	96.78398	77.34966	47.84807	48.58989	92.26376	95.62813	7.074157	15.94633	84.25552	73.4063	8.357035	12.52832	60.55463	94.92461	84.87119	96.90753	59.12497	73.08178
29/10/2017 11:00:00	117	70.83044	99.33822	98.42438	89.8366	95.72655	90.63829	96.69176	96.77947	89.61252	68.60235	97.4126	98.21413	97.37939	98.44722	50.07471	79.00154	81.18874	90.12305	68.58611	90.2294	57.06052	46.43422	74.70121	34.7606	77.77133	39.22823	82.24879	78.25542	21.74957	2.392202	85.13382	45.66058	11.96178	82.51672	81.31796	82.47611	85.62159	29.86757	94.56316	83.18596	26.79156	24.64325	44.16159	42.15003	51.74854	96.4416	81.25761	62.11513	51.78503	74.73882	98.0317	90.46115	34.10832	83.15136	78.15165	89.09329	88.49298	46.80371	88.76166	65.64806	30.79268	82.53256	86.38016	95.99395	40.605	94.05674	82.13116	62.76511	2.039369	13.69554	97.41631	78.40922	49.82378	49.27732	92.46084	95.5146	7.787219	16.6247	84.49726	73.74533	8.255968	13.18812	65.2106	95.86035	83.91483	97.70087	60.31376	73.64983
29/10/2017 14:00:00	120	71.57137	99.3093	98.36167	90.14893	96.33096	90.84039	97.07015	97.26802	89.9475	72.01833	97.04238	97.758	97.63275	98.63828	51.36806	80.04874	82.53506	91.10538	69.66209	90.8432	57.74336	48.16522	76.32769	37.04905	78.34108	41.24667	83.77686	80.08318	23.01461	2.411811	85.50823	46.28367	11.98338	83.39134	82.30587	84.3379	86.35239	31.55196	95.42526	85.08957	26.77551	26.7568	45.61864	43.74251	53.49638	97.15651	82.40358	62.63103	52.1365	75.88328	98.06546	91.29919	34.95958	84.69032	78.61563	89.61374	85.27638	48.99923	89.3289	66.54414	32.17586	83.52328	86.90638	96.09367	41.91429	96.08353	83.28396	64.35857	1.696211	14.37157	97.66655	79.58385	51.53165	51.25623	92.871	96.26777	7.408797	18.00377	85.58528	75.34576	8.867801	14.49803	66.04569	96.18078	85.68182	97.9309	61.40226	75.06374
29/10/2017 17:00:00	123	73.30753	99.50807	98.72621	90.7277	96.69569	91.37766	97.2468	97.42763	89.93323	72.42921	97.11687	97.00763	98.0861	98.48381	52.72282	81.43873	84.7039	91.96184	71.17162	91.30278	59.81252	50.98512	77.32191	36.313	80.0481	42.27229	85.04497	81.53939	23.63096	2.114011	85.95732	47.78898	10.28016	84.51381	85.05634	86.05277	87.56312	31.79587	95.5725	86.36788	28.71552	28.00149	47.23001	44.29902	54.9278	97.66154	83.15833	64.6857	54.5581	77.09532	98.17661	91.89596	36.20779	85.17937	79.79018	89.74538	88.93814	51.60529	90.08633	66.4775	33.59224	83.82534	87.28529	96.23804	42.57929	96.10233	83.90856	65.3306	2.586234	15.2351	97.55321	80.94314	53.99756	52.17817	93.57281	96.98076	7.861346	18.78648	86.31213	76.85263	9.666243	14.44274	68.54718	95.31816	87.56651	96.79621	63.17585	75.73129
29/10/2017 20:00:00	126	73.18834	99.66911	98.79089	91.14729	97.09855	91.795	97.47588	97.56802	90.87781	75.24397	97.7324	96.80356	98.33456	98.51609	54.5525	83.11321	84.93803	93.10493	72.24199	91.38907	60.79517	53.56536	78.35088	39.72934	80.49118	43.59516	86.30501	82.64883	24.81269	2.271558	86.49057	49.25358	13.99311	85.41856	85.00115	86.70137	87.89343	32.5728	96.12359	87.65906	30.35904	27.10861	47.79395	45.11248	57.26564	97.9365	84.05864	66.68665	56.85093	78.25684	98.3017	93.69677	37.46656	85.67918	80.56499	91.17645	90.11456	51.42391	90.64394	67.1972	34.84792	84.55129	89.04462	96.67824	43.40325	97.31102	84.69453	67.58556	2.348001	15.93202	97.69875	81.57058	56.62515	52.45752	93.73977	96.30595	9.13995	19.44908	87.64494	77.21887	10.74152	16.36227	72.7471	96.52397	88.08397	98.03264	64.02876	76.57094
29/10/2017 23:00:00	129	74.45473	99.66332	99.07876	91.95587	97.4441	91.86564	97.79846	97.57851	90.97579	77.21095	97.08218	97.92054	98.40392	98.66965	55.79215	83.22581	86.05318	93.97261	73.08147	91.53896	63.80383	54.43332	79.53438	41.27701	81.05563	45.19769	87.46552	84.1748	25.58611	2.514485	86.99365	50.45522	14.88934	86.83177	86.99483	87.83766	88.60147	33.56562	96.46364	88.98638	31.91713	30.06664	49.45939	47.69066	58.88908	98.52711	84.66539	68.05895	57.32219	79.48805	98.27399	93.28856	38.4536	86.94288	81.21094	90.0584	87.83852	54.40285	90.94955	67.1501	36.12782	85.00605	88.20361	97.11272	45.23729	96.12728	85.62769	68.19196	2.427337	16.75309	98.45337	83.82451	57.95516	54.287	94.1982	96.98759	8.996352	21.01517	88.07364	77.56065	10.27342	16.97223	75.0567	96.11466	89.29401	97.97037	65.60909	75.49269
30/10/2017 02:00:00	132	75.72237	99.68715	99.21844	91.83617	97.83906	92.89332	97.88782	97.9549	90.62344	77.92209	97.81931	97.84999	98.53785	99.09024	57.59006	84.65905	86.00823	94.46074	74.00233	92.106	63.07129	58.7414	80.4574	42.27344	81.93813	45.80604	88.58511	85.82227	26.47902	2.400175	87.88656	51.25064	14.85722	86.82435	87.83149	89.02786	89.24491	33.95554	96.93871	89.55733	33.35941	31.06265	51.40643	48.41149	60.49447	98.74042	85.26563	68.76498	58.71164	79.96516	97.69389	94.24057	40.09735	87.8194	81.94043	90.67487	90.81796	56.1908	91.47597	67.96142	37.03193	85.63519	88.70117	97.62683	46.53708	97.18697	86.80474	69.76684	2.435469	17.23078	98.22979	84.87252	59.66171	54.4551	93.83662	96.51452	9.667621	21.89804	89.36354	79.31075	10.98815	18.09692	77.0985	96.9276	87.84492	97.17017	66.0369	77.32056
30/10/2017 05:00:00	135	75.90791	99.77106	99.39106	92.37788	98.13827	92.82677	97.98496	97.95333	91.4443	80.96756	98.19074	98.3468	98.53578	99.00405	58.8645	85.32214	87.07751	94.98208	75.24194	92.1467	65.72504	61.22301	81.23143	43.24606	83.09318	48.08278	89.51658	86.72849	28.67604	2.673092	87.79931	52.25194	15.42071	88.71149	89.95351	90.29935	89.76824	36.09288	97.43568	91.00401	34.12156	31.03401	53.03997	48.98348	62.04659	98.99001	85.93311	70.53895	59.19352	81.3624	97.96741	95.45554	40.94096	88.46204	82.56992	91.42009	88.12841	58.19716	92.29061	68.77968	39.26366	85.86674	90.50975	97.21131	48.1922	97.89117	87.3655	71.238	1.854562	18.17925	98.55057	84.22652	62.02948	54.90685	95.85214	98.17273	9.364234	22.04457	90.78026	81.0161	10.06658	19.23981	75.54417	97.17722	88.89312	98.18475	66.60201	78.45997
30/10/2017 08:00:00	138	74.06372	99.8807	99.47773	92.79638	97.86197	93.37004	98.53405	98.12582	91.50671	81.23968	95.22635	98.94285	98.93652	99.16974	60.40844	80.65732	87.58842	95.66445	75.77077	92.00657	67.99484	62.66928	82.27277	46.71286	83.52835	49.54816	89.92425	88.42817	29.15562	2.403517	88.38523	52.58305	12.82487	88.10825	90.7683	90.91525	90.20876	35.55774	97.7578	91.73549	36.06054	32.45502	54.15498	50.70758	63.90673	99.11805	86.64989	71.1604	60.63826	82.15971	98.39784	95.43324	42.35522	88.72127	83.37476	91.91348	87.36103	58.97075	92.44845	70.54144	40.00427	86.66414	90.8434	98.07163	48.63266	97.78174	88.23669	71.7927	2.37944	18.57545	98.5059	84.60799	64.6118	55.59107	92.72492	98.03553	10.84491	23.3015	90.93565	80.67233	12.12714	20.73192	78.58998	97.30997	89.78858	96.42786	68.15372	80.97816
30/10/2017 11:00:00	141	76.979	99.88142	99.38956	92.92655	98.34729	93.51245	98.63667	98.30037	92.29405	81.8466	97.07115	99.21275	98.8322	98.73315	60.63793	85.64867	88.72115	96.73644	77.04917	92.63853	67.90348	63.94849	81.02193	48.0724	84.39088	51.307	92.44864	89.29958	30.81344	2.943408	88.19818	54.33139	18.8774	89.73507	91.8317	91.64956	90.81483	34.56536	97.41259	92.86274	37.39098	33.95133	54.55589	52.07357	64.66702	99.29166	86.84023	73.14623	63.02728	83.38034	98.67408	95.23395	43.98096	88.78924	83.55013	90.88148	88.25392	60.35768	93.1558	68.94725	41.15442	86.47162	91.30702	97.77467	51.14392	97.93132	88.88418	72.87205	2.402681	20.19994	98.89826	85.39629	66.65283	59.09121	92.20689	98.26694	11.39814	25.15673	91.9099	78.69443	13.3068	21.79773	79.95213	97.32883	85.13824	98.68517	68.84606	81.24887
30/10/2017 14:00:00	144	78.83372	99.86859	99.73022	93.16471	98.49415	94.27708	98.30688	98.43215	92.50974	83.08431	96.76619	99.46284	99.15623	99.60808	62.36311	86.09171	89.7084	96.86305	78.20921	92.63293	70.10004	66.76614	82.6067	47.82468	84.91718	51.65853	92.39697	90.28854	32.38702	2.98282	89.20193	53.60235	18.29982	90.87838	92.36333	92.8391	90.83011	35.87193	97.37965	93.19355	36.83599	35.18489	55.42501	53.05976	66.95814	99.39076	87.9837	73.79844	64.15863	83.66759	98.26795	96.36912	43.43401	90.33811	84.11565	91.89789	87.1713	61.01457	93.33725	71.72239	42.83723	87.39375	90.67165	98.25126	51.84065	98.47869	89.45219	74.12442	1.848165	21.21861	98.60094	85.86233	67.68587	59.08075	96.01458	97.7222	10.76846	24.9911	91.81321	81.14479	13.46026	22.96446	81.65662	96.81396	88.02879	98.61509	69.60363	80.90771
30/10/2017 17:00:00	147	80.11816	99.92995	99.71786	93.57883	98.74747	94.11807	98.79012	98.48695	92.92352	84.2757	96.74229	99.5362	99.14126	99.31908	63.9373	87.19664	90.51789	97.46731	78.91464	93.15234	71.39038	67.94031	83.32976	49.68784	84.95209	53.30327	92.78119	90.74413	32.69325	3.040681	89.12828	54.70172	18.41957	90.62356	92.72567	93.42378	91.17207	36.55915	98.24483	94.09406	38.77529	37.19059	56.36171	53.6537	68.48694	99.53616	88.61116	74.79631	64.11442	83.96604	98.75334	96.2917	46.11475	89.78095	84.52728	91.53831	87.90086	62.52676	93.60832	71.80714	44.21645	87.68731	91.31555	97.9794	53.32092	98.64431	90.17106	75.74844	1.791684	21.67326	99.10139	86.67531	70.28945	60.08796	96.78219	98.76563	11.50367	25.87157	92.31623	82.48701	14.76336	24.30147	81.08241	98.56652	89.96153	97.66209	69.53019	81.28686
30/10/2017 20:00:00	150	78.84193	99.91963	99.82156	93.60165	98.566	94.85342	98.77814	98.56212	93.09695	86.04926	97.07052	99.71859	99.01472	99.52055	64.72552	87.021	90.9183	97.93188	79.36935	92.85793	72.85519	69.35303	83.87566	50.16366	86.29945	53.90981	93.3697	91.43375	35.08179	3.012329	89.94765	55.51826	19.30053	91.09917	93.65257	93.88346	91.90707	39.18063	98.50768	95.32097	40.76936	37.34855	57.4487	53.6591	70.04509	99.65173	89.09151	75.35958	63.91045	85.32302	98.32857	97.18633	46.3643	88.664	84.90943	91.97513	86.3826	63.51516	93.76801	72.60764	45.51484	87.89073	92.18063	98.09156	54.57963	98.38129	90.73871	76.22008	1.832959	23.16045	99.08808	88.21694	71.46707	61.31772	93.08006	99.03328	12.66568	27.55202	93.00759	81.41397	14.27667	26.24459	83.71822	99.2524	88.74043	98.17508	71.1828	83.15993
30/10/2017 23:00:00	153	80.25713	99.95531	99.91758	93.79832	98.90522	94.41299	98.66058	98.67752	93.61919	87.53032	96.53429	99.76755	99.33467	99.57676	66.00823	87.83439	90.94036	98.26707	80.54712	93.50057	74.55782	71.97701	85.0358	53.715	86.42123	56.20743	94.00817	91.79333	35.64099	3.223655	89.68378	56.24125	20.29091	91.52969	93.73617	94.78383	92.48826	41.75525	98.59236	96.00024	40.22849	37.25962	59.95985	54.62531	70.53205	99.62749	89.60546	77.12975	66.20699	86.02802	99.05533	97.04503	47.49129	89.53555	85.54588	93.65739	88.62753	65.64434	94.36551	72.9098	46.94398	88.61215	91.87199	98.44312	55.93319	98.72577	91.41235	77.7843	1.898055	24.08615	99.04966	87.41862	73.6739	61.85735	96.3622	99.01228	13.2102	26.82483	93.30553	83.53049	16.21308	26.65252	83.56636	99.08446	90.63194	97.81422	71.5506	84.07103
31/10/2017 02:00:00	156	81.43198	99.93526	99.82767	94.06248	99.04491	95.036	98.81799	98.59242	93.38783	87.78271	96.72131	99.67963	98.9157	99.47306	66.91475	88.18162	91.66366	98.47345	80.66411	93.74108	76.50955	73.14189	85.60619	52.53972	86.65855	56.52394	94.25782	93.03516	37.27131	3.715937	90.38165	57.56374	22.587	90.05881	94.72166	94.89668	92.72314	40.28704	98.72929	96.01238	42.9013	39.57297	61.70005	54.65926	72.13017	99.71669	90.1861	77.77283	67.16399	87.07324	99.03903	97.28458	48.59384	90.35233	85.86895	93.28431	89.14587	66.5937	94.44703	75.05353	48.35661	88.69512	93.35538	98.84689	55.88832	99.15723	91.97043	78.289	1.820552	25.21527	99.28822	88.35857	74.86527	63.97036	93.33254	98.77642	14.09894	28.85548	93.58232	84.3407	16.67087	28.88558	83.97435	99.40018	89.8303	97.7831	73.53424	83.24001
31/10/2017 05:00:00	159	82.37917	99.95338	99.87356	94.24031	99.17487	95.34093	98.87782	98.7582	93.40813	88.42197	96.65054	99.82934	99.21686	99.61225	68.08479	89.22344	92.24768	98.93639	81.84977	93.58164	77.25011	74.63564	85.5695	52.56309	87.27937	59.37102	94.85673	92.38329	37.92998	3.89467	90.05105	58.04377	21.22183	91.75853	95.08717	95.60529	92.74213	42.02986	98.75846	96.42081	43.73756	41.83576	62.67498	56.24187	73.59079	99.74293	90.86496	77.87868	68.49329	87.04895	99.1926	97.31097	50.11359	91.6979	86.59076	93.75577	85.46786	68.61511	95.06815	76.13768	49.7565	89.26483	93.69619	98.30653	56.87344	99.28421	92.55667	79.64964	2.608545	26.56023	99.44497	89.03914	76.65073	63.70927	93.22176	99.72901	14.40284	28.25912	93.22843	83.71445	16.37773	30.53669	83.30589	98.63788	91.89675	97.64625	73.67589	84.07316
31/10/2017 08:00:00	162	82.2452	99.99014	99.78762	94.08962	98.96152	95.87417	99.20525	98.87589	93.44073	88.90019	97.65733	99.84258	99.18006	99.64118	69.38753	89.90499	92.71438	98.86959	82.75961	93.66151	78.6932	76.86278	86.78352	55.97277	86.63319	59.5892	94.98613	93.03088	40.20929	3.645506	90.469	58.22078	23.59918	92.41804	95.60385	95.59544	93.45518	41.12225	99.15652	97.06961	43.74523	41.83047	62.65557	57.20948	74.35849	99.83388	90.77135	78.58613	69.54573	88.37953	98.89106	97.56977	51.15916	91.35425	86.88396	94.11897	88.22903	69.76379	95.01177	75.89091	50.99081	89.45438	93.96068	98.82143	59.07243	99.13798	90.162	80.90397	2.337907	27.85334	99.43629	89.72197	77.5829	64.68798	97.69227	99.18192	14.61632	29.59633	94.21508	85.2295	16.81739	29.97928	83.25902	99.02807	92.84483	97.62194	75.01534	84.16023
31/10/2017 11:00:00	165	80.79041	99.97554	99.89967	94.746	99.352	95.90727	99.10275	98.899	93.95422	90.48038	97.57685	99.93709	99.30484	99.77338	70.00008	88.41813	93.26817	99.07034	82.03429	93.86785	80.98437	77.87434	87.29349	54.14805	87.66523	60.49685	95.20385	92.86049	41.53017	4.102621	90.51649	59.36053	22.89358	92.50357	96.14825	96.35642	93.51413	45.35075	99.06805	97.16429	46.13902	43.43383	65.35675	58.49821	74.89174	99.7913	91.64198	79.41743	70.36617	87.98836	98.53992	98.0902	51.96714	90.68348	87.36269	94.09513	87.61749	69.66417	95.64796	78.15849	52.29233	90.28364	93.9541	98.76984	59.03176	99.31088	89.22072	81.98078	2.388537	28.63384	99.33004	89.15926	79.48915	65.05108	93.19205	99.3455	14.87523	31.73836	94.69855	85.97899	17.55655	32.24443	84.5659	98.55237	92.67032	98.40694	75.44077	84.681
31/10/2017 14:00:00	168	83.80827	99.97384	99.90703	94.77189	99.23563	95.9692	99.43227	99.01521	94.03934	89.34248	98.64971	99.81416	99.62544	99.62946	70.91402	90.96949	93.81992	99.23374	83.77908	94.22543	81.63999	77.57042	87.60954	57.14697	88.16077	61.87064	95.7254	94.51033	42.52505	4.108633	91.19907	58.23462	24.63055	92.47691	96.61706	96.96518	93.27701	46.4019	99.16807	97.65177	46.64309	45.12445	65.70963	57.72286	75.98771	99.82645	92.05609	79.6837	70.72958	89.52911	99.16669	98.06308	52.72102	91.12191	87.37113	93.45033	88.09248	71.44524	95.36623	77.48016	53.46883	90.52723	94.23669	99.19584	59.76256	99.33384	88.94943	81.46528	2.263265	29.99741	99.57008	90.75258	80.03814	65.92284	97.89218	99.30328	16.50705	33.31299	95.15435	86.64726	17.91782	33.97509	88.0462	98.36814	93.55357	98.88451	75.90308	84.98196
