Label: RS JC
Metric: Phase Object Confluence (Percent)
Cell Type: plate 4
Passage: 1
Notes: 
Analysis Job: RS JC

Date Time	Elapsed	A1	B2	C2	D2	E2	F2	G2	B3	C3	D3	E3	F3	G3	B4	C4	D4	E4	F4	G4	B5	C5	D5	E5	F5	G5	B6	C6	D6	E6	F6	G6	B7	C7	D7	E7	F7	G7	B8	C8	D8	E8	F8	G8	B9	C9	D9	E9	F9	G9	B10	C10	D10	E10	F10	G10	B11	C11	D11	E11	F11	G11	H12
13/01/2017 11:00:00	0	21.85342	14.07084	11.64164	14.13726	18.89358	21.81476	8.831445	5.985146	26.51134	9.429009	42.32285	18.13067	14.90455	10.63406	7.929274	8.867096	26.98895	10.11249	19.39164	33.0187	12.19657	25.78948	34.70952	38.29561	33.75152	21.73543	10.7262	5.051601	10.93648	5.036265	21.38477	8.620665	7.168344	11.52714	5.426615	5.792337	16.85149	10.12274	25.84648	12.70882	23.11807	17.16093	8.441933	15.8272	19.98401	23.5019	26.7676	11.11683	13.47515	7.479031	11.34082	16.0724	22.86304	8.625715	19.02803	6.041826	7.162041	13.01623	7.739673	16.48806	26.07315	22.34925
13/01/2017 14:00:00	3	22.77614	14.51139	12.12612	14.65036	19.73841	22.73586	8.880725	6.077218	27.76162	9.744516	43.33099	17.81643	15.44011	11.18829	8.269117	8.954695	28.5882	10.16865	20.37769	34.44933	12.47528	27.58797	36.58276	41.72352	34.85343	22.65854	10.83825	5.088859	11.09591	4.895627	22.31728	8.909042	7.639375	12.10856	4.963394	5.694234	17.44366	10.09382	28.25021	13.32847	23.31559	18.1343	8.842186	16.48475	20.88883	25.10005	27.21948	11.42899	13.86473	7.663971	12.02498	16.73561	23.3599	9.130561	19.58544	5.775528	7.221125	13.18195	7.319815	17.1678	26.49509	23.37774
13/01/2017 17:00:00	6	24.14141	15.05174	12.43345	14.81804	20.54182	22.94239	8.922256	6.20895	29.28287	10.0816	43.82873	18.0038	16.03746	11.62322	8.481698	8.724982	29.36412	10.40515	21.23783	35.05691	13.02289	28.66151	37.85381	44.25015	36.27935	23.39121	11.48194	5.49965	11.61573	4.997114	22.44569	9.437268	8.712024	12.06768	5.659996	5.705801	18.14565	10.24409	28.61461	13.57438	23.86214	18.5333	8.477262	16.37036	21.64474	25.0798	28.04743	11.43192	13.70082	7.558854	12.27443	17.93824	24.06584	9.277753	19.81049	6.085025	7.214729	13.65729	7.50655	17.32041	27.1884	25.25611
13/01/2017 20:00:00	9	25.54994	15.54678	12.74183	15.34987	21.19354	22.76782	9.077684	6.112382	29.47957	10.05254	44.60969	18.89643	16.13593	11.43918	8.255781	9.321605	30.31979	10.48468	21.88876	36.04174	13.4117	30.28838	39.45192	47.80022	38.58355	24.15711	12.52636	5.43989	11.90299	5.220592	22.96295	9.270781	8.202026	12.48608	5.034144	5.644179	19.05679	10.32556	30.2676	13.63759	25.14655	19.08624	9.107863	16.99816	21.96491	26.35467	29.07337	11.4732	13.96883	7.450778	13.02111	19.52761	24.54531	9.590858	20.26344	6.359587	7.293587	13.85721	7.592636	17.74135	27.88365	26.76619
13/01/2017 23:00:00	12	27.75468	16.12907	12.81493	16.01045	21.54929	23.42016	8.916724	5.919572	30.3825	11.80954	45.07441	19.67564	16.74448	11.89784	8.981987	9.39448	31.53712	10.97291	22.90801	36.98888	13.75831	31.62462	40.47425	49.68495	39.09257	24.78076	11.94436	5.612062	12.18796	4.996986	24.02457	9.146961	7.599548	12.63337	5.123352	5.674365	19.6268	10.41472	31.81803	14.15295	25.58477	19.60381	9.191838	16.93711	22.75643	27.11675	30.01946	11.84499	14.6711	7.791105	13.56692	18.81729	25.45162	9.699351	20.8961	6.329885	7.559367	14.22752	7.468134	18.5018	27.75151	28.55083
14/01/2017 02:00:00	15	29.22104	16.7571	13.21079	16.09228	22.71461	24.55924	9.090408	6.375819	32.37939	12.11734	46.59676	20.66172	17.33152	12.15939	9.417686	9.404489	32.17289	10.92045	23.8854	37.92033	14.39966	32.32621	42.07148	52.04438	40.46278	25.74964	12.44718	5.863732	12.0641	5.0913	23.66546	9.612237	7.684832	12.54589	5.309154	5.992739	20.82241	10.52326	32.97429	14.43856	26.36518	19.78273	9.353559	17.80487	23.61993	27.78794	30.47988	11.65456	14.35974	7.891438	14.29975	20.23372	26.31046	10.01882	21.08452	6.212971	7.376038	14.40516	7.375267	18.60338	29.08491	29.93121
14/01/2017 05:00:00	18	31.59063	17.33706	14.81981	16.2096	24.18091	24.98495	9.193343	6.009132	32.53259	11.56002	47.36478	20.03649	17.7492	12.73348	9.015741	9.826363	33.26133	11.16578	24.74325	38.99307	14.7481	33.76389	42.83619	54.12645	41.45182	26.05389	12.5307	6.403913	12.72727	5.255408	24.41888	9.927712	7.9266	13.13453	5.408485	6.126781	21.30261	10.14158	34.28524	14.91956	27.23022	20.56393	9.669454	18.05341	24.77863	28.67842	32.33944	12.03589	14.47967	7.911688	14.51962	21.77144	27.32934	10.24923	22.54311	6.385367	7.866652	15.26381	9.329776	19.71757	29.61063	32.42305
14/01/2017 08:00:00	21	33.16929	17.92436	14.38069	17.32067	24.75146	25.43253	9.190898	6.25019	32.92408	11.84272	48.21523	19.94964	18.32113	12.45584	9.930902	10.08096	33.8297	11.55478	24.92787	40.33117	15.10555	35.04679	45.70771	56.76825	44.25908	27.53617	13.73077	6.389157	13.08435	5.467343	25.39657	9.528493	7.699811	13.27742	5.545556	6.510318	22.28939	10.61477	34.98116	15.06364	28.31933	21.00929	9.445146	17.66499	25.32082	29.2508	33.32004	12.24859	14.76462	8.193123	15.66866	20.57929	28.2915	10.6808	22.8309	6.383117	7.627938	15.67441	7.685184	20.11536	30.39823	35.5895
14/01/2017 11:00:00	24	35.57566	18.62635	14.59482	17.0664	25.70851	25.91121	9.290069	6.194066	32.75242	13.32306	49.37546	21.61934	18.49827	12.55105	10.04283	9.66113	34.05459	11.73442	25.92212	41.34252	15.99033	36.65697	47.07651	56.6871	43.95039	27.96758	13.6038	6.430179	13.16224	6.015305	25.54377	9.985217	8.109997	13.5115	5.587665	6.261121	23.41389	10.5356	37.12408	15.65265	29.06874	21.3675	9.188045	17.54039	25.18618	30.14358	34.19587	12.23833	15.57913	8.356979	16.42891	22.59474	29.24417	11.00586	23.67015	6.02845	7.858582	16.0292	8.375581	20.56608	30.90963	37.88386
14/01/2017 14:00:00	27	38.28138	19.28542	14.9869	17.81095	27.15117	26.38569	9.253452	6.314969	34.09783	12.65363	50.46425	23.24464	18.98724	13.14796	10.16639	10.77864	35.00237	11.97751	27.42737	43.05106	16.74203	37.22202	49.25503	59.64156	46.08137	28.80843	14.00115	6.429505	14.29178	6.232225	25.79428	10.14585	7.776769	13.9645	7.011153	6.394883	24.73994	10.93969	38.32713	15.84367	29.80682	22.59169	9.21174	19.2086	25.71685	31.25234	34.93844	12.32972	15.57235	8.37279	16.58308	22.62879	30.49867	11.52736	24.61397	6.256334	8.104818	16.85126	9.298168	20.88505	31.53261	39.20256
14/01/2017 17:00:00	30	40.44924	19.7962	16.51467	18.21923	28.21662	27.16938	9.427692	6.302785	35.65058	12.70076	52.09678	23.90987	20.24754	13.70232	10.62534	10.18231	35.77884	11.99769	27.70337	44.0852	17.1058	38.99369	50.93541	61.15772	46.34547	29.35252	14.36144	6.513114	14.49457	6.572134	26.39381	9.758884	9.207003	14.4201	6.459657	7.337046	25.25498	11.02097	39.69611	16.25251	30.64925	22.71916	8.96186	19.85351	26.57697	31.67728	36.97625	12.62039	15.92832	8.601443	17.59249	22.7833	31.3896	11.87088	25.17039	6.213866	8.931003	16.91913	8.763072	20.86526	32.51574	42.59898
14/01/2017 20:00:00	33	43.59869	20.99556	15.82034	18.73827	29.43831	26.80168	9.588255	5.483964	35.27403	13.07773	52.76662	25.65578	20.08108	14.00532	11.19562	10.60272	37.45925	12.77257	28.70633	45.05304	18.18089	40.70147	51.65031	63.34646	48.5979	30.98598	14.78284	7.171557	15.1333	6.541179	27.51304	9.950861	8.053323	14.58816	5.912083	6.69667	25.80926	10.72501	40.90969	17.26438	31.71507	23.56537	9.589923	19.50665	27.62587	32.75503	37.58147	13.03278	16.09173	8.424799	18.13142	23.58588	33.23495	12.12798	25.83121	6.440881	8.251789	17.882	8.983976	21.84673	33.14392	44.31376
14/01/2017 23:00:00	36	45.79372	22.07488	17.87058	19.46453	31.2872	28.1062	9.992502	6.330653	36.10264	14.26639	54.72982	26.43687	20.71823	13.87762	11.52096	10.39252	38.19721	12.6781	29.02383	46.29944	18.58339	41.77212	53.85114	65.53439	48.48346	31.68827	15.25233	7.026132	15.7539	6.75048	27.70079	10.27403	8.073219	13.65664	5.786034	6.613827	26.80525	11.05048	42.87344	17.43542	32.42499	24.18711	10.09021	19.6311	28.59809	34.04113	38.81322	13.06763	16.17861	8.444504	19.19493	23.37165	34.96675	12.35148	25.96119	6.074642	8.30718	18.05795	8.823892	22.4271	33.45796	46.68938
15/01/2017 02:00:00	39	48.4377	23.21086	17.57873	21.08507	31.94398	28.73829	10.36223	6.389323	36.40081	14.50504	55.6215	26.35585	21.39599	14.12276	11.45844	10.76277	39.17394	13.16607	29.56709	47.72496	19.59078	42.51957	55.01945	65.50275	51.35154	33.63123	15.95148	7.136488	16.6221	6.597816	28.52023	10.62364	8.192771	14.69212	5.920827	6.771828	27.96174	11.65282	44.29578	18.08069	33.48286	25.2677	9.598062	19.7687	29.58063	34.50148	40.04476	13.03179	16.7791	8.960418	19.01277	24.94301	36.40681	12.70747	26.15812	6.032983	8.783033	19.30822	10.78797	22.5423	32.74238	50.18018
15/01/2017 05:00:00	42	49.96496	23.6202	18.25013	20.25718	33.68255	28.57626	10.18842	6.841328	38.2897	14.81624	57.39419	27.76102	22.8394	15.22183	12.0866	10.90627	39.76569	13.24568	31.55858	48.64878	19.6438	44.55571	56.482	66.6084	53.0624	34.06105	16.29697	7.110802	16.44035	6.799595	29.59912	10.54186	8.564862	14.46775	7.40211	7.558181	29.11118	11.23638	46.67695	18.58759	34.44387	25.95543	10.1115	21.05386	30.24386	34.92718	42.01767	14.19778	17.87679	9.089706	20.41497	25.49764	38.1066	13.28587	27.28811	6.503598	8.906189	20.03333	9.537395	23.3765	35.24184	53.01973
15/01/2017 08:00:00	45	53.30272	24.24484	18.17029	20.46863	35.36707	29.66467	10.1684	6.887741	38.73169	15.6115	58.26043	25.91298	22.91328	15.40053	12.54134	11.93301	39.91773	13.14414	32.51152	49.76969	20.82797	45.67742	58.04345	68.26237	54.00701	35.36131	17.03588	7.730475	17.12712	7.396357	29.5644	10.5084	8.619699	14.93509	6.705476	7.28574	30.00518	12.33551	48.90859	18.59955	35.54704	26.49522	9.713108	20.96919	31.236	36.48774	43.16772	13.72266	18.51018	8.679942	21.69116	26.18978	40.06535	13.57859	27.86468	6.141635	8.68746	19.9995	9.861756	24.18044	34.71054	55.107
15/01/2017 11:00:00	48	56.7414	25.16462	20.45293	21.2036	36.97599	30.40417	10.62975	6.290762	39.1737	15.52464	59.3665	27.19406	23.6513	15.9598	12.91806	12.08056	41.53527	13.78323	32.27583	50.73424	21.65765	47.06068	60.39453	71.06289	54.00265	36.54174	17.61631	7.512366	18.11821	7.399565	30.27565	11.16109	9.414893	15.3516	6.202613	7.63896	30.36561	12.07995	50.07611	19.48123	36.48844	26.66088	10.40168	20.20332	31.91457	37.83587	43.86288	13.47884	19.00218	9.036531	22.39312	26.47812	41.13017	13.84621	28.39483	6.796096	9.064725	21.36598	8.901456	24.63227	36.2534	59.13363
15/01/2017 14:00:00	51	59.23104	26.03557	19.78627	21.4236	38.28453	30.914	10.60729	7.176509	39.70414	15.83263	60.68977	29.95125	24.05561	16.01394	13.37132	12.1887	43.23336	14.04416	33.67316	51.79046	22.2031	49.10998	61.57174	71.17449	54.00004	38.16578	18.19365	7.917858	18.62236	7.500219	31.06389	11.23377	8.721796	15.468	7.666767	7.054003	31.68038	11.85081	50.85702	19.30801	37.6155	27.31203	10.40804	21.23081	32.88319	38.87921	45.93638	13.61026	18.68977	9.473498	23.40891	27.08897	43.42336	13.55666	29.12297	6.65327	8.74198	21.29844	10.6003	24.53097	36.39684	59.7014
15/01/2017 17:00:00	54	61.5102	27.32164	20.63873	22.23985	39.87356	31.59853	11.34734	7.13607	40.23829	16.1293	61.83203	29.69147	25.4527	16.70837	14.15635	12.64379	44.08039	14.29544	34.91596	53.30837	22.78984	49.46301	63.10327	73.32233	55.7159	39.43502	18.48734	8.098486	19.57693	7.65301	31.67279	11.23265	9.042678	14.98195	6.380641	7.412328	32.55967	11.92015	54.27979	20.41846	38.93161	27.98764	10.73255	20.75921	33.92229	38.59823	47.36266	13.88989	18.92344	8.796632	25.50179	27.83691	45.28378	14.61018	29.03785	6.922331	9.40802	23.01566	9.827097	25.01852	37.29126	63.50251
15/01/2017 20:00:00	57	64.13882	28.04906	20.85903	22.87465	41.11172	32.02645	11.07588	6.752473	41.06564	17.13287	62.4489	31.74701	25.4729	17.28638	14.07499	13.07611	44.89119	14.83271	36.91655	54.01877	24.37955	50.5448	65.65793	74.08928	56.74355	40.67822	18.84454	7.397769	20.0727	7.611096	31.63887	11.64022	9.151522	15.46555	6.635045	8.447271	32.78636	12.38331	56.04297	21.15794	39.63984	27.99996	10.34982	21.81318	35.4379	39.79273	49.35358	14.39699	19.50661	9.805079	25.75761	29.01248	46.62839	14.79947	30.02474	6.469429	10.12927	23.62191	10.94808	25.08249	37.74256	66.22826
15/01/2017 23:00:00	60	65.59597	28.93604	21.54165	22.74036	43.25277	32.50451	10.91028	6.400445	41.28888	17.70663	64.57401	31.72797	26.52484	17.84737	14.76581	12.93066	47.69875	14.92985	37.99363	55.57168	24.70635	51.82706	68.41903	77.56248	58.1629	41.51224	19.81481	8.474017	20.40686	8.133524	32.82848	11.6284	10.48535	15.6029	6.616913	7.597718	34.6208	12.47646	57.35705	21.24329	40.4096	29.75898	10.2231	23.19322	36.87153	40.49042	49.76663	13.98097	21.03145	9.281713	27.05252	29.02468	48.90929	15.59132	30.69914	7.054901	9.458932	24.00078	9.112456	25.8865	38.30319	71.52097
16/01/2017 02:00:00	63	69.03676	29.27563	23.31575	25.16188	44.59334	33.29414	11.2727	6.19246	41.96392	17.40666	65.68475	31.55479	26.62703	18.02691	15.48308	13.30831	48.49158	15.32804	38.45721	56.02958	24.97347	53.41883	69.61469	77.89231	58.59702	42.59269	20.4909	8.187113	20.82141	7.662041	32.62501	12.21101	10.78553	15.58283	7.963216	7.75517	34.88432	12.49997	60.08348	22.12963	41.4143	29.52038	11.8448	23.00191	37.4685	41.52145	51.96233	14.74274	20.02641	9.273065	28.34279	30.29524	50.96987	15.90612	31.37563	6.256303	9.183793	24.82091	10.01966	26.23347	39.6364	73.43515
16/01/2017 05:00:00	66	71.09333	30.87241	22.77941	25.31103	45.50732	32.37175	11.08291	6.326443	42.83101	18.70389	65.76323	32.78257	27.24584	17.81898	16.05984	13.59685	49.36751	15.93576	39.63266	57.78581	26.28226	54.00117	70.77171	78.31517	59.92783	45.08358	21.31529	8.647696	21.53635	8.125004	33.51017	12.17937	9.633516	15.95751	6.698596	7.807243	36.41359	12.14565	62.03764	22.00982	41.49654	30.18394	10.75519	22.72536	38.13659	43.10019	52.36243	14.71881	21.04175	10.05347	29.19613	30.97516	52.07365	16.12449	32.11502	6.877553	9.93514	25.46101	9.61889	26.89242	40.23109	75.16275
16/01/2017 08:00:00	69	73.62354	31.5283	22.71135	25.0104	47.08474	34.65347	11.54989	6.672493	43.84737	19.85375	66.85588	34.11926	28.25281	18.83801	16.61803	14.0713	50.13468	16.32475	39.55085	58.99945	27.08603	55.32133	72.83646	80.23429	61.6055	46.203	21.67695	8.644934	22.21652	8.704368	33.80817	12.32709	9.416073	16.06537	7.054998	8.029624	37.94873	12.15324	64.3108	23.50328	42.97031	30.67474	11.68051	23.59418	39.79935	44.00496	54.64096	15.08626	21.13815	10.27198	29.82188	32.27771	53.80416	16.63276	32.84562	8.058877	10.22962	26.38615	10.86854	27.42944	40.88121	77.22161
16/01/2017 11:00:00	72	76.02067	32.22363	23.78765	24.79983	48.85774	33.57558	11.56118	6.592866	43.56342	19.25201	67.01527	35.85273	29.06196	19.00003	17.00605	13.59231	50.19663	16.33876	41.44555	60.25175	27.90216	56.41932	74.83369	81.35517	62.43063	48.07777	22.90429	8.5775	23.01433	8.521008	34.51295	12.57577	9.63785	16.21628	7.091259	8.023525	38.21436	12.45117	64.41075	24.32589	43.93488	30.5673	11.59557	24.26102	40.0359	44.81345	55.70364	15.25967	22.09999	9.216842	31.53444	33.09335	56.50179	17.2517	33.25173	7.066765	9.623264	27.06278	9.943624	27.27736	41.15984	78.90421
16/01/2017 14:00:00	75	78.86443	33.48571	24.99101	25.57518	50.36061	35.99301	11.65431	6.873404	44.5926	19.73176	68.47945	36.18593	30.47721	19.78603	17.09097	14.4266	52.09682	16.82767	42.01859	60.84702	28.59334	58.5807	76.97014	82.34913	64.37347	49.57886	23.15198	8.778791	24.06817	8.214795	35.15938	12.74485	9.984549	16.68086	7.176765	8.0124	39.39058	12.50283	67.70235	23.78126	44.16563	31.53591	11.26505	22.92687	41.94186	46.09539	56.48615	15.0286	21.55476	9.799488	33.05979	33.28232	58.20054	17.26215	33.73549	6.336473	9.823558	27.68211	11.70728	27.91955	41.65862	79.92235
16/01/2017 17:00:00	78	79.35127	34.90267	24.83885	25.84322	50.97541	35.25883	11.49502	7.133982	45.51402	19.44558	70.52522	36.01118	30.66788	20.00977	17.82962	14.67551	53.93971	17.49382	41.55556	61.72683	29.89022	59.54618	77.81168	83.80329	64.93338	51.22423	24.05863	8.075697	24.38718	8.869502	35.08691	12.8178	10.53839	15.607	7.035644	8.011338	40.53124	12.43434	69.82607	24.45118	45.64015	31.88979	12.05928	23.3823	42.27019	47.14092	58.69361	14.99474	22.00368	10.30859	34.48288	33.09067	60.1294	17.62057	32.72731	6.240547	10.1513	28.39921	8.949512	28.75904	41.84257	83.3121
16/01/2017 20:00:00	81	81.82769	36.09082	24.25483	26.563	53.02464	35.72832	12.23238	6.833804	45.24025	20.93489	70.81488	38.37778	31.87202	20.21177	18.73904	14.99429	54.41322	17.63884	44.21915	62.63566	30.85554	60.84924	79.45737	86.19406	66.34759	51.56556	24.79093	9.224043	25.21869	9.80872	35.54745	13.7714	10.27036	16.69713	7.42211	8.331515	41.64436	12.4496	71.895	26.08138	46.55255	32.75986	12.73701	24.18467	44.69657	48.01383	60.76163	15.49491	23.83136	11.03041	36.4034	34.26804	62.31572	18.28373	34.04153	6.644911	10.3695	29.14933	11.74201	28.75787	42.67482	86.62978
16/01/2017 23:00:00	84	84.47428	37.11699	25.163	26.75483	54.83408	35.01217	12.32576	6.361288	44.72167	21.10291	71.03365	38.04192	32.19335	20.66072	18.66309	15.5598	53.67464	18.15977	44.65043	63.80516	31.93989	62.09165	81.15565	86.3543	67.91329	53.47122	26.12662	10.25326	25.90423	9.893194	36.01775	13.4486	10.40116	16.10909	7.749801	8.121469	42.24318	11.90926	73.36266	26.05255	47.44288	32.3694	12.69178	23.72146	46.06321	49.7408	60.99757	15.57537	22.76223	10.40072	37.85872	35.25814	64.11434	18.3347	34.42828	7.02462	11.98889	30.09966	10.20443	28.66338	43.18383	87.32957
17/01/2017 02:00:00	87	83.76173	36.9428	26.6815	27.03976	55.86455	36.6809	12.46792	6.9024	45.73213	21.9164	72.32881	39.35468	32.25331	21.08797	19.07413	15.35736	56.665	18.17113	45.46826	64.68501	32.84004	62.35608	82.66135	87.3687	68.11037	55.19813	26.11687	9.923797	26.63167	9.498727	35.75642	13.87952	10.59394	16.04952	7.526994	8.635261	44.19421	12.44107	75.47123	26.91851	48.46953	33.14701	12.42873	23.91108	46.75823	49.87486	62.88807	15.58215	23.98762	10.64653	37.76136	35.47101	66.02946	18.88331	34.70527	6.460777	10.95012	30.68873	11.36149	29.12301	43.56188	88.55132
17/01/2017 05:00:00	90	86.38629	38.39367	25.87372	27.84884	56.43152	36.75491	12.55649	7.125908	46.22919	22.36798	73.76003	38.94111	34.2048	21.56539	19.58068	15.82829	57.3533	18.62466	47.40358	66.61589	32.36339	63.85194	84.10036	88.66902	69.31083	56.61316	27.85393	9.992105	27.48529	9.273704	36.45359	13.64652	10.93302	16.67135	8.027189	9.275476	45.69321	12.0198	76.64887	27.91878	48.67634	33.22781	12.62282	23.94305	48.40236	51.35912	65.03248	15.63435	23.76402	9.918738	39.39011	35.81264	67.56023	19.10458	36.65811	6.360806	10.15978	31.67086	9.425152	28.78454	44.26539	90.28561
17/01/2017 08:00:00	93	87.95621	40.23681	28.09809	28.24301	58.32395	38.02756	12.98036	6.854182	47.07279	23.37358	73.75722	40.31634	34.34478	22.03136	19.91889	16.28736	58.47859	18.41526	47.91602	66.76917	34.34065	64.82661	85.43333	89.1703	70.48898	57.40906	28.33225	10.78659	27.13041	9.542233	37.63343	14.33881	10.81038	16.59425	9.028563	9.457256	46.49239	12.69481	78.79432	27.60582	50.85292	34.6281	12.97804	23.62832	48.19695	50.18927	65.89526	15.67807	23.67848	9.873423	40.92749	36.16625	69.27505	19.28406	36.21381	7.038923	11.73056	32.97927	11.52804	29.73639	43.95358	90.95991
