Label: RS JC
Metric: Phase Object Confluence (Percent)
Cell Type: plate 6
Passage: 1
Notes: 
Analysis Job: RS JC

Date Time	Elapsed	A1	B2	C2	D2	E2	F2	G2	B3	C3	D3	E3	F3	G3	B4	C4	D4	E4	F4	G4	B5	C5	D5	E5	F5	G5	B6	C6	D6	E6	F6	G6	B7	C7	D7	E7	F7	G7	B8	C8	D8	E8	F8	G8	B9	C9	D9	E9	F9	G9	B10	C10	D10	E10	F10	G10	B11	C11	D11	E11	F11	G11	H12
13/01/2017 11:00:00	0	22.30382	21.67992	24.37329	23.39911	23.56288	24.85925	23.2368	22.62826	24.01041	22.97767	24.91762	28.28895	22.15073	22.3247	22.37462	24.26755	22.26288	25.08831	24.90954	25.20788	22.9808	23.43476	24.74369	23.99774	23.28238	21.66686	15.52233	16.40117	35.08231	15.04599	15.32193	11.54388	35.52758	18.56854	23.79915	14.88503	43.63525	24.21917	56.3507	38.51778	37.25137	27.76513	15.00524	16.4723	7.422618	30.87698	17.54816	31.25948	64.31739	66.16235	56.01988	49.55471	11.4082	13.10666	9.308192	37.56932	35.7493	30.17261	22.81403	47.95498	35.05903	19.79925
13/01/2017 14:00:00	3	22.44385	23.4798	25.60056	23.49612	24.06402	26.42329	24.11589	24.73433	25.83124	23.46453	26.70313	29.78989	23.40399	24.38055	23.87766	26.03728	23.32808	26.40351	25.92189	26.80096	25.00347	25.2917	26.47836	25.01856	25.56817	22.94243	16.40534	17.01996	37.41087	15.56846	15.26194	12.12049	37.89829	20.29564	26.0835	15.97654	47.62071	25.73012	60.42883	42.14816	40.24239	29.52257	14.77468	18.26254	7.809659	33.45763	19.60687	34.86583	66.20676	70.40531	59.1641	53.22532	12.08725	13.91063	9.221215	40.6479	38.42927	32.60444	23.24356	50.39705	36.86156	20.3219
13/01/2017 17:00:00	6	23.93081	25.07631	27.30756	25.83793	26.36575	27.67689	25.40514	25.68278	27.06309	25.31685	27.79492	30.85654	24.38671	25.96547	25.58784	27.51057	25.78174	27.82534	27.93629	27.79458	26.78457	27.87244	27.77708	26.19755	26.60699	24.36529	16.79325	17.75659	38.98215	16.4253	16.56823	11.82368	39.45012	21.56781	27.60401	17.00425	51.15992	25.78905	65.03316	46.24499	43.83826	31.89825	16.10394	19.37761	7.930012	34.83329	20.65592	36.09571	68.58681	74.20782	61.18394	56.31293	12.09323	14.69247	9.29335	42.65006	40.21466	34.1617	23.97917	52.86429	38.72181	22.19604
13/01/2017 20:00:00	9	25.13319	26.54078	29.009	27.462	28.03057	29.9775	27.84453	27.79583	29.49759	26.24132	29.79016	33.20938	25.75398	27.13419	27.76139	29.27595	26.81216	30.08111	29.10981	30.1876	28.95474	29.31584	30.13453	28.68166	28.43622	24.48518	16.73442	18.08513	41.31129	16.66485	17.3084	12.21885	41.84542	22.70691	29.62236	17.835	55.07323	26.32897	68.84023	48.04387	46.18551	33.00221	16.15708	20.63237	8.425795	38.5134	22.06551	37.08732	70.23341	76.9524	64.38186	58.37701	12.1209	14.76079	9.457421	45.53903	41.7182	35.93815	25.52274	55.19391	41.39366	23.31392
13/01/2017 23:00:00	12	26.35651	27.80082	30.66903	29.07255	29.81075	31.88154	29.23424	29.71009	31.50463	28.37791	31.76936	35.25078	28.06886	29.72158	29.47925	30.70823	29.49673	32.4763	31.17691	31.74467	30.21184	31.02087	31.42399	30.45606	30.46862	26.46713	17.54465	18.34847	42.61487	17.35229	17.56919	12.03475	43.34319	24.31623	31.68533	18.44909	60.15831	27.7505	72.57236	51.09516	49.02552	33.56203	17.32957	21.33401	8.696143	38.64899	22.96912	37.22512	73.59073	79.0629	66.19479	60.34373	12.83927	15.2901	9.4328	47.55619	43.03857	37.27871	25.81768	57.44714	43.37515	25.1928
14/01/2017 02:00:00	15	27.52737	30.18974	32.65023	30.19024	31.31119	33.42464	32.60583	31.54525	33.06782	31.39712	33.05918	37.70583	30.17411	30.43332	31.16254	32.60496	31.68281	33.27582	32.79274	34.23161	32.88464	33.04127	33.10815	32.73568	31.84853	26.53918	18.4368	18.88361	45.05548	18.41868	18.85667	11.97814	45.12319	25.97974	33.46152	19.09487	62.73903	28.24377	76.83538	54.09765	52.1721	36.4335	17.97631	24.43883	8.837518	40.63155	24.68327	39.41465	76.28001	81.49495	67.79747	61.95877	13.35601	16.16386	9.004745	49.93632	45.55671	38.93536	26.78954	60.52308	44.84714	26.44187
14/01/2017 05:00:00	18	30.16646	32.33969	35.17645	32.87899	33.38756	36.65093	33.42126	34.54226	36.06181	33.69496	36.61582	40.34818	32.22394	33.91852	34.31894	35.1226	33.77029	36.68765	37.23383	37.10238	35.10803	36.35192	35.88902	35.74983	33.94374	27.9606	18.82384	19.43827	46.86287	19.31304	19.27578	12.81706	47.40397	26.96316	35.71995	20.0739	64.00457	29.43472	80.73756	56.18536	54.74444	36.6327	19.08779	24.0343	9.169364	43.76564	25.56183	39.59111	78.88815	83.79938	69.80472	64.42744	14.08794	16.27226	10.29032	53.01536	47.44645	40.12217	27.89419	63.21917	46.9135	27.52059
14/01/2017 08:00:00	21	31.80583	34.95718	37.48024	35.27483	36.6088	38.82942	35.2891	36.07008	38.24245	35.84055	38.74702	41.81222	35.89607	36.06393	36.4387	37.66689	36.15358	38.96943	38.84034	39.79027	37.7989	39.00506	38.6118	37.71933	37.03838	27.7108	18.76119	20.21194	48.54261	19.81757	19.48773	13.05005	49.34789	27.53628	37.86555	19.9569	67.39639	30.28413	83.65184	58.16168	57.5112	38.12609	19.40606	24.13644	9.641294	43.32472	26.88257	40.62584	81.86838	86.23067	71.4948	65.59572	13.97283	16.88049	9.535184	55.05633	49.11779	41.45341	28.41574	66.18654	49.88213	30.17193
14/01/2017 11:00:00	24	33.94924	37.10006	39.77691	37.7962	39.1674	41.8564	38.14315	38.23364	41.52952	37.81333	41.20456	45.57907	38.27986	38.33043	39.36155	41.1822	39.77794	42.6137	41.22831	42.44585	40.19635	41.80452	41.7466	40.02679	39.45867	29.62984	19.35654	20.29567	50.18696	21.21981	20.27269	12.8734	52.16574	29.4779	39.90556	20.90883	70.7032	31.89458	86.3475	60.09555	60.57518	38.92777	18.34754	24.34206	9.920384	47.1022	28.06243	41.56316	84.40573	87.9752	73.46761	66.47122	14.53872	16.75414	9.415989	57.13107	51.8221	41.74538	29.24632	68.58035	52.23788	32.37603
14/01/2017 14:00:00	27	35.8941	39.6642	42.61152	39.60775	40.45251	44.75748	40.84863	40.12389	45.1935	41.86268	44.89247	48.10095	40.40112	40.73516	43.69769	44.12582	41.66592	45.42736	43.92794	46.38749	44.03108	44.81223	44.7584	44.39635	42.92477	29.39695	20.33881	21.06598	51.83587	22.1031	21.53691	12.69584	54.81382	30.24999	41.8266	21.56569	73.09479	32.55403	89.37134	63.40604	63.9313	39.88782	17.71902	24.99318	10.03409	49.62215	29.38768	41.73988	85.74846	89.73324	74.96545	68.17148	14.83119	17.82979	9.623009	59.98246	53.7976	44.2553	29.72766	71.83953	54.35923	34.16286
14/01/2017 17:00:00	30	39.06785	43.06814	45.60431	42.88046	44.98986	47.49547	42.77613	44.04772	48.47635	44.06232	46.37649	51.40136	43.29646	44.22148	47.18802	47.09631	45.15696	48.03559	46.97983	49.78621	46.79221	47.48003	46.99837	47.46758	45.22557	30.92693	20.60198	21.85849	53.58835	22.37502	22.97588	13.12932	58.13949	30.79062	44.39182	22.59462	75.17364	34.03685	91.90152	65.16045	66.63371	41.57269	19.39558	25.25392	10.64084	50.74273	29.79022	43.05844	88.33946	91.06	77.19117	69.74518	15.56938	17.71731	9.911226	61.11103	56.14782	44.87673	31.60233	75.16375	57.23999	36.34784
14/01/2017 20:00:00	33	40.18139	45.15814	48.34499	45.79122	48.68035	50.24584	45.7736	47.63224	51.05428	46.98733	50.59195	53.97087	46.66486	47.42942	50.61829	51.09588	48.48313	50.89909	49.04805	51.59063	50.72379	51.3591	51.28741	50.98523	47.67167	32.52415	20.58501	22.3378	54.41399	22.79762	24.03679	12.89681	61.10757	33.31425	46.98392	22.111	77.4379	35.29769	93.99327	67.54059	69.24644	42.18839	18.47915	26.78042	10.69388	52.20747	31.81065	43.6671	89.47636	92.85694	79.24043	70.57207	15.40687	18.41257	9.619533	62.81755	58.69695	46.4981	31.55785	78.62334	60.36034	38.50812
14/01/2017 23:00:00	36	41.87086	48.23508	51.19175	48.75634	50.34438	53.46755	49.54686	50.08581	54.24297	51.5798	53.15898	57.5229	48.98841	51.39876	54.24332	53.39742	51.57014	55.46964	53.50249	54.11627	53.2187	55.01528	54.35326	54.9482	50.39549	33.52517	22.02936	22.96549	56.32232	25.43789	24.42629	12.18034	63.368	35.53617	49.23819	22.88618	78.85059	36.88514	95.01612	69.86718	71.61384	44.14995	20.96877	27.17611	11.19536	56.04753	32.42942	47.2473	91.30167	94.04005	80.50694	72.32446	16.24162	19.15722	9.62639	64.47896	61.66069	47.38777	32.96229	80.88528	63.92926	40.63081
15/01/2017 02:00:00	39	43.78529	51.63314	53.21901	51.2193	54.36592	57.22715	51.33478	52.24594	58.44843	54.73969	56.34437	60.87405	52.45501	53.67345	57.43673	56.26177	54.49991	58.04372	56.85055	58.41488	57.49169	58.27776	57.69399	57.22806	53.58044	33.75083	22.15447	24.05927	58.46574	26.20997	26.47108	12.56239	66.21591	35.01036	51.9472	24.27441	79.87609	37.62955	96.08784	72.6629	74.94185	44.70247	21.6748	27.60207	11.31076	57.55052	33.491	47.02514	92.39311	94.94253	82.26339	72.98181	16.64126	19.52018	10.13615	66.25858	63.38407	49.06687	34.3833	83.79317	66.04601	43.18217
15/01/2017 05:00:00	42	46.87997	54.36628	56.63015	54.7247	57.98399	60.41509	55.05996	55.43283	62.57373	57.13213	59.73067	64.86552	55.74879	56.43832	61.5407	60.10182	58.40123	62.08817	59.67761	62.25165	61.27514	62.45947	60.9701	61.55926	56.66601	34.48769	21.97005	25.0112	58.68035	26.81411	27.08654	12.93085	68.62788	36.86831	54.41048	25.31564	81.13347	39.96334	97.21809	74.79485	77.73208	45.73319	21.57279	27.90098	11.3421	60.86895	35.1029	50.59081	94.23977	95.45029	82.82715	74.58094	16.9396	20.10467	9.503745	68.93543	65.36498	50.86939	35.4248	86.48615	69.20116	46.35349
15/01/2017 08:00:00	45	49.58549	57.55721	60.24644	57.12604	60.41595	62.80938	59.40696	58.42948	67.01537	60.48273	62.12133	66.3894	58.77013	59.96273	64.81443	64.3063	61.45987	64.32156	64.02998	66.85581	62.94627	66.14206	63.64318	64.16457	60.67873	35.6475	24.30485	25.43709	58.75718	27.52987	28.77239	13.22549	71.4195	36.36082	57.0908	24.92505	82.50617	42.28001	97.70901	76.87167	79.7824	47.0626	21.66859	28.91271	12.13094	62.32745	36.73932	51.71173	94.25165	97.28698	84.47784	75.81663	17.22022	19.56661	10.60674	71.16458	67.33335	52.59499	36.53299	89.0932	70.49316	47.51683
15/01/2017 11:00:00	48	51.00769	60.1912	63.05602	60.84564	64.68079	67.00374	61.63084	62.82399	68.94747	63.47139	65.49092	72.25837	63.18821	63.63272	69.07216	67.50567	65.94682	68.77744	66.74741	68.26186	68.82298	69.45078	66.41577	69.03889	64.24094	35.9298	23.37286	26.49254	60.30458	28.43261	29.21448	11.95104	74.05505	38.32676	59.72093	25.0561	85.69478	44.14865	98.07545	78.01791	81.98714	49.19197	19.07179	30.7604	12.62257	65.73461	38.83847	49.77157	94.35547	97.04955	86.57824	76.95029	17.75579	20.62666	9.593623	71.02087	70.03006	53.66668	37.45005	90.63167	74.07475	50.55635
15/01/2017 14:00:00	51	53.977	63.56223	67.03906	62.28233	67.16595	70.31456	64.87215	65.79288	72.66726	66.77456	69.23425	74.64732	66.87137	67.57064	73.02931	70.06651	68.92812	71.49815	68.79657	72.37591	73.12144	72.69047	71.38018	73.15119	67.73666	36.68124	23.59494	27.21646	61.53999	29.37224	30.59219	12.85618	76.22641	39.22714	62.40973	26.25736	85.37962	46.79802	98.7834	79.68331	84.01622	48.76978	19.26781	31.26117	12.6451	66.41433	40.11543	51.09081	95.40786	97.66409	86.86408	77.44704	17.47088	20.84665	9.806204	72.56319	72.10338	55.35845	38.56715	92.45592	77.39909	52.79295
15/01/2017 17:00:00	54	58.10628	66.3932	69.69869	66.38508	70.30482	72.81617	68.3552	68.90019	76.70726	70.28828	71.9612	78.05922	69.7656	70.79984	76.41463	74.26153	72.17842	74.48664	72.53065	76.1608	75.44181	76.16656	74.07043	76.3498	69.96503	38.57828	25.4215	27.91769	63.09157	31.16028	32.02655	12.40555	78.5174	40.81288	64.78912	26.39273	86.52502	47.80113	99.21915	81.55257	86.20217	52.16009	19.60573	31.42722	12.97972	70.16113	42.12706	52.40106	96.10591	98.33671	87.02558	78.74851	18.46994	21.69129	10.5372	74.04441	73.12009	56.67527	39.74968	93.65659	78.74366	56.42654
15/01/2017 20:00:00	57	59.81347	69.52877	73.60915	70.3543	73.95038	76.52402	69.45144	73.33435	80.13274	72.95249	75.96886	81.07782	73.01766	73.20925	79.42338	77.77437	74.75009	77.8012	75.30118	79.52969	79.23788	79.29032	78.13249	79.19663	73.45498	38.4152	25.59448	29.2074	63.35408	31.7909	33.69165	12.29381	79.86204	39.57608	67.39619	26.38173	88.83226	49.26415	99.49611	83.61579	87.9547	52.28191	20.50354	33.83361	13.99974	70.96294	44.07833	52.71404	95.50397	98.50444	88.93784	78.97568	18.08704	21.25271	9.942762	77.17966	75.31409	59.28948	41.05246	95.65218	80.2753	59.36681
15/01/2017 23:00:00	60	62.41334	72.06339	76.1392	71.95707	76.8299	80.09388	73.80002	75.76407	83.28804	76.36415	78.25156	83.55649	77.16122	77.21335	82.27457	80.58686	78.019	80.47392	78.53555	81.79493	83.43887	82.57491	81.4183	82.07259	76.74403	39.98208	27.13657	30.39732	64.67557	31.70463	34.71253	11.64354	82.41174	40.9732	70.06207	27.64242	89.8847	51.56924	99.70083	85.48954	89.59949	53.09264	21.20806	32.32723	14.28526	70.79476	45.30714	55.50452	95.6687	98.49506	90.57315	80.87698	18.52704	21.68845	10.14705	79.11982	76.90409	60.6303	41.95409	96.24049	83.06728	61.9824
16/01/2017 02:00:00	63	65.80217	75.42004	78.55508	76.00389	79.6959	82.33167	76.38879	79.42903	85.93069	78.77205	80.84086	85.83655	79.31295	80.18497	85.58367	82.96516	80.78612	83.34113	82.92387	85.72896	86.6398	85.68431	83.93899	86.36409	80.55975	42.80899	27.0485	30.79263	63.66025	33.90034	36.37936	12.24131	84.08531	41.23206	72.58079	27.89999	91.82034	54.11671	99.78848	86.54828	90.68398	54.33369	20.62537	35.57599	14.60845	75.59299	47.60374	54.87862	96.38995	98.50557	91.28531	81.80815	18.94993	22.35423	10.53971	78.00629	78.85976	61.97235	42.92714	97.35404	85.25376	63.71487
16/01/2017 05:00:00	66	67.06227	77.83753	82.47247	78.23851	83.43748	84.92121	80.70367	82.72719	90.17827	81.53075	83.18042	87.50356	82.50039	83.4601	87.91533	85.25272	83.35932	84.36395	84.06469	87.88321	88.60203	88.4461	87.35931	88.5485	82.31635	40.81145	27.78174	32.63812	65.58099	35.73932	36.83677	12.79066	85.24281	41.75176	75.03768	29.51397	91.91479	55.68216	99.96255	87.46474	91.97385	53.74357	22.10617	34.21154	15.39265	74.49635	49.77807	56.29911	96.80083	98.89286	91.11562	81.77724	19.16359	22.92681	9.651866	80.72118	79.16312	63.70755	43.3493	97.93964	86.96758	67.78612
16/01/2017 08:00:00	69	69.99332	79.82264	85.4327	79.79361	84.95568	88.01072	83.9996	84.30928	91.98046	84.13211	86.17848	89.59607	84.49104	86.14542	88.77316	86.84789	85.0043	86.04381	86.63369	89.58945	90.30904	89.86058	88.75221	90.3173	85.30746	44.04207	29.3795	33.38641	66.03504	36.09029	39.3679	12.0489	85.72056	41.90342	77.25242	27.53817	92.47053	57.34992	99.93455	89.02818	93.28945	54.646	22.72091	35.99807	16.01261	77.13232	50.86119	56.83264	97.0293	98.3539	92.58375	82.86207	19.89985	21.92597	9.879816	84.01821	80.66109	64.24613	44.52924	98.18984	88.87773	69.6374
16/01/2017 11:00:00	72	72.35097	83.1133	86.91779	83.26566	86.56285	89.16599	85.75575	87.08392	93.56969	85.8007	87.13601	90.3104	87.18392	88.77783	91.57559	89.39542	87.45198	89.32087	89.12891	91.33642	91.58495	90.69096	90.31546	92.4855	87.8404	43.94602	29.96954	34.29829	66.65912	37.45424	40.67301	12.62736	88.20927	41.40887	79.55203	29.07926	93.95605	59.50113	99.88874	90.50215	94.5156	57.98985	23.15502	36.39127	16.38963	78.12936	52.09492	59.54446	97.33215	99.35952	92.92628	83.18942	19.11773	23.52227	10.22828	82.79408	83.65404	67.53176	45.92981	98.62209	90.86383	72.87769
16/01/2017 14:00:00	75	74.49548	85.15487	88.21329	86.52788	87.73322	90.9154	87.81726	89.9637	94.74772	88.20892	88.15903	92.75452	89.63841	90.89098	92.81083	91.07193	89.13861	90.84629	91.00291	92.8703	94.61009	93.17375	93.02414	94.51294	88.9385	46.72023	30.65262	35.34161	66.78408	38.94456	42.44784	12.15379	89.14339	43.17949	81.77228	30.53316	94.12452	62.14631	99.94961	91.20576	95.31286	55.33427	24.11171	38.41972	16.87005	80.25005	54.15606	57.75972	97.24577	99.23241	92.92636	84.43784	20.09412	23.29662	10.17235	84.38978	83.83354	68.18615	46.87489	98.99065	91.84702	76.46558
16/01/2017 17:00:00	78	76.76319	87.33662	90.35234	86.56368	90.05267	93.71637	90.60529	90.32759	95.73862	88.9386	89.82872	93.27279	91.15249	92.91903	93.33948	92.14938	90.64678	91.5043	93.01608	93.66732	95.05917	93.96952	94.89362	95.65136	91.65964	45.98229	29.13728	35.55068	68.15634	39.48368	43.68203	11.93606	89.12947	43.58462	83.67203	29.34509	96.40325	63.56948	99.97468	92.20596	96.01121	59.8304	26.68953	38.61306	18.25049	84.24238	55.62551	60.42356	97.93224	98.8795	93.6259	84.26838	20.16566	23.84505	10.23934	85.38774	84.39874	70.53941	47.66663	99.18199	93.32397	79.25919
16/01/2017 20:00:00	81	78.90073	89.19696	92.10557	88.17905	91.69898	95.12442	92.06889	92.38585	96.32015	90.45943	91.96471	94.68811	93.35605	93.19648	94.51434	93.633	91.7481	93.45327	93.57754	94.81776	95.22058	94.6124	95.35224	95.82351	93.9051	46.58156	31.04019	38.0932	67.61427	40.73787	45.67467	12.15353	90.07308	47.21611	86.08846	32.05428	95.19151	64.97497	99.97162	93.4609	96.69636	58.79522	24.1643	37.45814	18.92205	83.23029	58.21914	60.53758	97.97729	99.14745	93.92929	85.70094	20.90046	23.60839	10.49551	86.86305	85.84836	72.20023	48.66706	99.25255	94.62504	80.73938
16/01/2017 23:00:00	84	82.20456	90.49224	93.14138	89.4531	92.11412	95.42489	93.55157	94.04761	96.47565	91.46626	93.30928	94.99099	94.32667	94.15916	95.33591	94.81178	92.9752	93.68896	95.02745	96.12929	96.48763	95.03191	95.89867	96.89294	94.61806	49.32249	31.39321	39.16987	69.5317	41.39283	47.60741	12.31002	90.56878	48.20369	87.60466	30.31503	96.81525	66.08543	99.98196	94.28944	97.34884	59.00819	29.4975	39.8792	17.27177	84.96893	59.62443	61.3061	98.43144	99.1274	94.40874	84.34092	21.04089	24.15656	10.29016	86.27596	87.31808	73.02193	49.23154	99.02591	96.10932	81.95985
17/01/2017 02:00:00	87	83.61961	91.5549	94.20918	92.47942	93.5621	96.34382	94.37949	94.20535	97.09074	93.63442	94.0202	95.63551	95.25008	94.6722	96.11122	94.94968	94.61176	94.69287	95.9873	96.30614	97.03978	95.91322	96.91689	97.43366	95.15856	50.22239	33.07294	40.02789	71.55916	43.44544	48.80334	12.18005	90.483	48.28505	88.8707	32.44119	97.25027	68.51291	99.96007	94.61983	97.85658	62.91145	27.58405	41.38968	19.00814	87.13148	63.26233	59.12143	98.60641	99.27949	94.56258	86.78134	20.84034	24.44564	10.89823	88.16194	87.6337	72.88468	49.21651	99.08664	95.98841	85.52804
17/01/2017 05:00:00	90	85.80665	92.40626	95.16785	93.34371	94.51143	96.63596	95.93934	96.10867	97.48989	94.48054	95.00003	96.80611	96.5444	96.81909	96.61581	95.96887	94.80484	96.22124	96.60825	97.21513	97.68981	96.12898	97.30366	97.85686	94.96516	51.63776	35.5383	40.30693	72.36763	43.69764	49.4995	13.11411	92.59256	48.18472	90.59507	33.36549	97.08613	69.75271	99.98139	95.29657	98.33494	62.13058	25.78281	41.60839	19.40963	88.49106	63.51493	62.15076	98.93391	99.22653	94.80031	87.1833	20.90927	24.13151	11.68413	88.99199	89.6213	75.11933	49.20399	99.56046	97.00169	86.35888
17/01/2017 08:00:00	93	85.9731	93.87167	95.45184	93.71001	95.6478	97.25092	96.94681	96.06454	97.8721	95.77451	95.52126	97.04357	96.98966	96.89809	97.02059	96.5863	95.12547	96.21828	97.47985	97.50545	97.49272	97.10413	97.48298	97.60609	96.62786	52.9183	35.9755	42.38564	72.13021	46.57782	51.61695	12.52447	92.21066	48.1804	92.15201	32.77142	97.50605	71.75429	99.9837	95.57296	98.45073	61.65784	29.70707	43.75818	18.27161	87.79626	67.39902	59.60193	99.23075	99.3973	94.68223	89.08934	21.54994	25.19061	11.49917	90.12165	90.43529	76.40792	50.84786	99.57654	97.47378	89.19363
