Label: RS JC
Metric: Phase Object Confluence (Percent)
Cell Type: plate 3
Passage: 1
Notes: 
Analysis Job: RS JC

Date Time	Elapsed	A1	B2	C2	D2	E2	F2	G2	B3	C3	D3	E3	F3	G3	B4	C4	D4	E4	F4	G4	B5	C5	D5	E5	F5	G5	B6	C6	D6	E6	F6	G6	B7	C7	D7	E7	F7	G7	B8	C8	D8	E8	F8	G8	B9	C9	D9	E9	F9	G9	B10	C10	D10	E10	F10	G10	B11	C11	D11	E11	F11	G11	H12
13/01/2017 11:00:00	0	23.05102	7.161814	26.27148	29.71317	19.89367	9.040203	17.38418	13.68724	24.54007	8.508478	14.61642	5.891253	30.97517	23.18551	20.26591	20.17113	13.70409	7.0496	20.96917	43.42838	12.37366	33.21167	9.591666	19.06411	26.25135	7.753818	19.25084	31.34191	5.064719	35.6147	9.53982	4.484291	17.09238	43.19344	10.57983	11.57799	23.91443	19.84951	19.73583	18.36631	6.496716	12.87546	11.47561	21.67135	10.47831	28.84328	8.722663	27.883	17.01175	11.01299	9.141518	20.13903	12.35116	24.71069	20.07985	28.82442	22.08342	38.07027	24.65008	19.97869	34.97539	21.68634
13/01/2017 14:00:00	3	24.66937	7.28304	27.43973	30.32983	20.69829	9.725198	17.77881	13.43978	24.7532	8.604042	14.52994	6.981093	31.54434	23.33031	19.9535	20.65565	14.01912	5.725186	21.19985	43.53404	12.47205	34.93367	9.945369	19.41051	26.50132	8.045479	19.64701	32.2579	4.967153	37.03361	8.974883	4.583525	17.59861	44.61436	10.48973	12.23631	25.34242	20.64987	20.8217	18.57445	6.796546	13.11604	12.01208	22.25489	10.97779	29.19964	8.719254	28.82491	17.72229	11.44327	9.34514	20.76741	12.425	24.93794	21.19777	29.69098	22.66138	39.62749	25.66951	21.07318	35.86154	22.93002
13/01/2017 17:00:00	6	26.32125	7.156965	28.22341	31.34976	21.39129	10.51287	18.50986	14.10224	25.05947	8.716648	15.02158	6.911659	32.78726	23.99857	20.93229	21.31007	14.25754	6.344832	21.82877	46.02946	12.80982	36.50132	10.95523	19.11213	27.18353	7.819393	20.03687	34.01794	5.093453	38.46806	9.21003	4.677037	18.29292	45.89118	10.75673	12.72013	25.65503	21.12652	21.86114	19.04001	6.785489	13.52921	12.01878	22.91258	11.2609	30.30917	9.170778	29.46821	18.18487	11.81625	9.367925	21.42573	12.73575	25.32263	21.89428	30.71017	23.8749	41.16149	25.92333	22.04067	37.79319	24.83008
13/01/2017 20:00:00	9	27.13338	7.133694	29.35402	32.18932	22.93881	10.7133	19.0927	14.39416	25.97966	8.364396	15.48783	7.800491	33.70852	25.10953	21.44368	22.27066	14.33354	7.574799	22.23179	49.15761	12.89318	38.64649	10.41893	20.25173	28.2469	7.897479	20.80171	36.15407	5.196483	40.2066	9.491984	4.543633	19.41017	47.66854	10.75406	12.6959	27.29445	21.73941	22.97977	19.60324	8.250538	13.77832	12.71181	23.33496	11.76508	31.83872	9.106965	30.32701	18.76599	11.982	9.379113	21.9486	12.79018	26.03862	23.32241	31.38417	24.15067	42.09259	26.8823	23.12265	39.70371	26.33698
13/01/2017 23:00:00	12	28.92097	7.349842	29.36135	33.44986	23.74354	10.28126	20.07945	15.42737	27.58397	9.938223	15.79082	6.960681	34.82102	25.52954	21.95658	23.24081	14.85501	7.335343	22.35414	49.79728	13.34515	40.55335	11.01576	19.87028	29.27819	8.180334	21.10162	36.82103	5.238626	41.52248	9.488572	4.836608	19.58148	49.40771	11.02833	13.4022	27.91654	21.99142	23.61709	19.90364	7.196634	14.18876	12.59211	24.27393	11.72451	32.2886	9.577393	31.42089	19.33351	12.01614	9.592151	22.91467	13.1816	26.50344	23.83053	32.85156	25.08812	43.9836	27.32315	24.39546	41.28428	27.49207
14/01/2017 02:00:00	15	31.91175	7.25067	29.89204	34.30106	24.61891	10.91126	20.20903	15.69711	28.09618	8.691933	16.53823	6.948498	35.55998	26.68322	22.48175	24.07578	15.20088	6.931493	23.3733	52.86263	13.45325	42.83239	11.09625	20.63291	30.30024	7.914387	21.58009	38.69495	5.476212	43.17801	9.572886	4.684813	20.39382	50.84132	11.39525	13.82442	29.37525	23.64577	24.71249	20.97365	7.058116	14.54211	13.22203	25.16913	11.80616	33.35261	9.631012	32.52944	19.86597	12.47644	9.94964	23.20214	13.15401	28.15358	25.11389	34.11942	26.37021	45.4536	28.71495	24.44776	43.36554	30.0009
14/01/2017 05:00:00	18	33.88594	7.053298	31.93435	35.63387	25.77214	10.57356	21.13776	15.87824	28.35297	8.966844	17.72686	7.103924	36.94841	26.90229	23.0546	25.26095	15.75262	6.911756	24.00897	53.67968	13.58724	44.69235	11.58751	20.59721	31.40498	8.133045	22.28365	39.90986	5.391127	44.72807	10.84776	5.328086	21.12469	53.01683	11.19465	14.02587	29.84203	23.82774	25.83055	21.38996	7.634362	14.59523	13.41774	25.20348	12.14285	34.74509	10.09989	34.01495	20.45518	12.6525	9.588064	24.25746	13.40786	28.16968	25.60679	35.17661	27.19726	46.62501	29.45106	25.6666	44.64317	32.71659
14/01/2017 08:00:00	21	36.11237	7.956334	32.9777	36.33341	26.23028	10.17842	21.64453	16.41753	29.19539	8.69634	16.92244	7.242376	38.04481	27.22819	24.09085	25.70536	15.83881	7.166286	24.70299	55.14	14.55185	47.02981	11.5184	21.26995	31.98151	7.933739	22.36427	41.26324	5.506981	46.24997	10.48207	5.390514	21.53374	54.52521	11.02991	14.82746	30.91928	25.10306	26.80297	21.77511	7.957045	14.95459	13.56155	26.3406	12.68921	35.47489	10.47091	34.89669	21.27757	12.5877	9.805146	24.86965	13.48872	29.18937	26.83944	35.98699	28.23047	47.83797	29.80276	26.98209	46.06703	34.58075
14/01/2017 11:00:00	24	40.19424	7.780884	32.9292	38.13474	27.77821	10.73169	22.7396	17.42627	30.7702	9.386667	17.45882	7.547377	39.09906	28.6496	25.86256	26.72788	16.36047	7.468009	25.65604	57.76738	14.65287	48.78133	11.55964	22.06266	34.40482	8.193924	23.69478	41.91686	6.012023	47.70304	10.86043	4.552213	22.83567	56.50858	12.03331	15.31733	31.50677	25.53584	28.70648	22.98603	7.787892	15.27052	13.57654	27.20184	12.28408	37.17773	10.36404	35.68541	22.04447	12.83557	9.896431	26.09171	13.8705	30.34828	27.189	37.05254	28.99574	49.47159	30.36171	27.59049	47.98049	39.14215
14/01/2017 14:00:00	27	43.59905	7.807374	35.34514	39.7369	28.91688	11.67096	23.0672	18.55953	32.26283	9.192541	17.86297	7.30609	40.30901	29.81066	26.01359	27.45603	16.79474	7.137359	27.26061	59.8577	14.63603	51.57375	12.74087	22.3652	35.01898	8.913513	23.9784	43.18159	6.188918	49.8048	12.03955	5.093969	23.2986	59.01173	11.93176	16.06324	33.35854	26.67699	28.83189	23.91269	8.052066	15.91918	14.07183	27.73923	12.70614	38.41939	10.64907	36.90962	22.63841	13.1184	10.54544	26.26568	14.16118	31.47471	28.69643	37.9046	29.50896	51.02641	30.89758	27.9857	49.07658	41.03005
14/01/2017 17:00:00	30	45.60324	7.990924	36.55739	40.58838	30.05011	11.19204	23.58061	18.47156	32.55565	9.380753	18.87	7.230964	42.10038	31.01188	27.16027	28.80701	17.09739	8.005747	27.70431	62.00934	15.04831	54.05101	12.88588	23.00268	36.11588	8.567592	23.96992	43.56573	6.522179	51.63604	11.88216	5.09548	25.28813	61.25043	12.2322	16.95761	33.88028	27.3739	30.2291	24.70133	8.201612	16.3578	14.67621	30.15781	12.88314	39.52504	11.05233	38.79804	23.86887	13.24376	10.07286	26.23684	14.60582	32.21247	29.86734	39.89844	30.73988	53.05468	32.45067	29.44232	51.34995	43.61711
14/01/2017 20:00:00	33	47.30867	8.31734	37.28492	41.60703	30.84055	12.09458	24.84544	18.78658	33.30555	9.527566	19.45781	7.837431	43.73124	30.87361	27.96395	29.57273	17.82841	8.099385	28.4199	62.27175	15.86163	56.17231	12.11254	23.60439	37.40928	8.488572	25.08154	46.16237	6.367533	52.71022	12.99945	5.189857	25.20319	63.84271	12.53849	17.49537	35.37393	28.86028	31.67166	25.4714	8.869961	16.69884	14.80972	31.08203	13.20486	41.28443	10.93405	40.13334	24.49177	13.22042	10.54961	27.53988	14.82015	33.04215	30.36057	41.99177	31.81533	55.39821	32.87149	30.08702	51.78717	45.27407
14/01/2017 23:00:00	36	51.86634	8.357416	39.29073	42.8637	31.69942	11.25274	25.59585	19.58831	35.41533	10.01297	20.08285	7.625234	45.25029	33.37705	28.90413	30.71706	18.29614	6.909795	29.15036	66.581	15.56785	58.78168	13.51089	23.16079	38.50305	7.884137	26.97993	47.80352	6.344413	54.39376	13.33454	5.305454	25.86228	66.33266	12.45731	18.87524	37.03606	30.06992	33.3974	26.67947	8.860954	17.32716	14.86326	32.07637	13.7139	42.41725	11.57205	41.88527	25.2807	13.37514	10.03756	28.32261	15.28753	34.1035	31.75993	42.31864	33.04249	57.1987	33.6771	30.98111	54.70158	50.05206
15/01/2017 02:00:00	39	53.74227	8.884781	38.93438	44.01273	33.17969	10.90871	26.15031	20.32658	35.95358	9.634933	21.17243	6.875206	46.28839	34.3657	30.12406	31.49252	17.67111	6.713771	30.62381	68.16106	16.2618	60.76268	12.58741	24.1701	39.52222	7.855492	26.54898	49.08972	7.191488	55.84539	13.78526	4.678066	25.81209	69.31479	12.81464	19.38126	38.5031	30.71598	33.8895	27.47964	9.073119	17.78176	15.2848	33.23286	13.60183	44.09688	11.53806	42.74672	25.51954	14.5631	11.50213	28.53468	15.25082	34.70694	33.02316	43.64288	33.75891	59.15687	34.1394	31.55165	56.36716	53.7462
15/01/2017 05:00:00	42	58.03027	8.471415	42.19522	45.9416	34.01021	11.84243	26.81795	20.77841	37.57684	8.987994	20.13108	6.827339	48.23153	35.48166	31.24537	33.37249	18.22779	6.319695	31.16526	71.47327	17.05933	64.84605	13.65059	24.24748	40.91465	9.173287	27.37727	50.1135	7.309564	58.2241	14.71093	5.005795	27.75455	70.94682	13.08487	20.55925	40.02227	31.82447	35.26383	27.8845	9.256543	18.516	15.50825	34.97672	14.13561	45.90054	11.56999	44.57473	26.35331	14.52307	10.43729	29.65728	16.0892	36.38615	34.00821	45.29616	33.85573	60.48088	34.94166	32.78033	58.47966	55.99184
15/01/2017 08:00:00	45	61.79525	9.102175	44.74804	46.08849	35.44217	11.29157	27.82213	21.37026	39.00671	9.691663	22.05389	8.045574	49.87454	36.00879	31.78128	34.46971	19.66204	8.293039	32.99728	73.28526	17.36297	66.45562	13.72544	24.95246	41.96463	8.118287	27.4829	51.63879	7.518158	59.50627	14.64609	5.627974	27.75802	73.57547	12.69786	21.4161	41.05562	32.90974	37.24144	29.40015	9.718225	18.67857	15.51566	34.88717	14.34833	47.03139	12.25865	46.22935	27.23879	14.86434	10.83041	30.28913	16.83727	36.89027	35.15087	47.06705	35.45364	62.06459	35.40162	33.28839	59.92014	61.04528
15/01/2017 11:00:00	48	65.24041	8.971719	45.36932	47.67865	36.44375	12.01344	28.99538	22.14738	40.97694	9.574181	22.21893	8.40088	51.34716	38.17012	33.2269	35.12578	20.2718	8.348742	32.97021	75.04827	17.92157	68.94641	14.22066	27.40785	42.92107	8.934279	29.41226	52.73075	7.564831	61.27876	15.9742	6.134921	28.91379	76.43883	13.1866	21.86581	42.93588	33.92823	38.48063	30.64201	9.897499	18.93977	16.00516	36.84446	14.11074	48.37263	12.41977	47.73429	27.95042	15.28008	11.37174	30.99439	16.58347	38.67732	36.79007	48.80505	35.9242	64.02087	36.54304	34.25359	62.17412	63.32983
15/01/2017 14:00:00	51	66.34045	9.183475	47.24684	48.80965	37.64522	11.92961	29.67441	23.86249	42.71368	9.63033	22.56234	8.613594	52.96716	39.66708	34.82298	36.22341	20.72202	7.209493	34.48573	76.83228	19.56146	71.50398	14.93276	26.59251	44.53772	9.042034	29.63857	52.38008	8.252433	62.68623	16.12589	5.433656	29.93376	77.90816	13.61328	22.94086	44.15081	35.66392	39.48982	31.45975	10.27567	19.97417	15.99856	39.21863	14.62108	50.7137	12.67285	49.75836	28.80559	15.54725	11.02823	31.22571	16.62933	38.91751	37.59682	50.72936	37.48757	66.16332	36.28731	35.40941	62.97566	67.38716
15/01/2017 17:00:00	54	70.64649	9.359023	48.87742	50.43446	38.89532	12.98421	30.75583	24.54506	43.40181	10.39567	22.58338	8.269919	54.95932	39.84993	36.18808	37.86559	20.79925	6.888126	35.64313	77.87796	19.203	73.64228	14.386	27.02605	45.32338	9.477483	30.76407	53.43452	8.381052	64.98121	16.52294	5.603163	30.2612	81.00875	13.80117	23.9692	46.20414	37.64645	42.16277	32.30721	10.70038	20.60975	16.23114	40.21782	14.41063	52.67231	12.80494	51.51473	29.87827	15.70886	10.95185	31.65988	17.1824	40.84456	38.99099	51.81821	38.52958	67.40477	36.91219	36.62963	65.24728	69.32832
15/01/2017 20:00:00	57	75.11467	9.276536	48.46636	51.48064	39.63927	13.5222	31.31093	25.11128	45.26524	9.903222	23.46021	8.751497	56.68909	41.21343	37.47841	38.9306	21.44867	8.247998	36.56989	81.0916	19.47177	76.51531	15.20994	27.79509	47.01028	8.905318	31.82377	55.02745	8.801095	66.00283	18.71777	5.415491	31.52134	82.9022	14.05348	24.58047	47.16743	37.95261	43.20739	32.91903	10.71539	20.97863	16.29666	42.27873	15.44115	54.73716	13.85363	52.87936	30.53174	16.40667	11.28639	32.98199	17.65769	41.23937	40.55497	53.36337	39.02018	69.53646	37.90892	37.97106	66.77225	72.90254
15/01/2017 23:00:00	60	75.67233	9.773613	52.07194	52.34403	40.70708	12.22217	32.315	25.89288	46.93916	10.57141	24.74033	8.983521	58.46138	43.1871	38.47782	39.40405	21.81209	8.25796	36.97054	82.65855	20.11057	78.16675	14.24336	27.68825	48.36168	9.057561	33.06159	55.60763	9.096007	68.29727	19.57693	5.652539	32.54039	85.3287	14.21035	25.9586	48.44819	39.11455	44.73142	34.79655	10.87091	21.57106	16.98121	44.54496	15.25876	56.48335	14.06505	54.27271	30.75962	16.58698	11.28437	34.46394	18.10951	42.73535	41.01558	54.45862	40.38197	70.62472	37.72084	38.82113	68.18972	75.7952
16/01/2017 02:00:00	63	80.01575	9.69919	52.40995	54.50541	41.60209	12.42726	33.10269	26.6777	47.74837	10.79064	24.8727	9.305629	60.31041	43.73506	39.3509	41.21056	22.80748	8.391789	38.8212	83.48278	19.95866	81.80239	14.34656	27.81582	48.9963	9.745383	33.65283	56.59314	9.31463	69.04991	19.98568	5.430763	33.87474	86.98927	13.88992	26.93027	50.44047	39.46594	46.30931	35.66499	10.81912	22.73336	16.80377	45.34657	15.93579	57.97202	14.89172	56.48426	31.96316	16.49916	11.49357	33.94165	18.80648	43.91349	42.80233	55.84838	40.95641	72.57944	38.12786	40.10056	69.98353	79.74213
16/01/2017 05:00:00	66	81.90794	10.08445	56.64364	54.83661	41.76559	13.1119	34.03993	28.2863	50.4175	10.42478	25.6161	8.12835	61.16079	45.14034	40.19181	42.25713	23.30301	7.066474	39.06342	84.7709	21.5306	83.01336	14.81672	29.8064	50.86037	10.32665	34.84107	58.75922	9.082475	70.26469	21.08149	6.000902	35.25096	88.3809	14.61555	27.30896	52.31689	41.89987	48.12439	36.70832	10.99489	22.97162	17.6202	46.6137	16.50187	59.87314	15.3237	58.22013	32.24512	16.98283	11.47879	34.67222	18.90369	44.9944	43.82868	56.9515	42.29529	73.85929	39.8363	41.21326	71.73088	80.95398
16/01/2017 08:00:00	69	84.21524	10.67334	56.14986	56.98949	43.15627	13.53555	35.19568	28.00358	52.0992	10.65895	25.90505	7.55426	63.32419	47.30156	41.52048	43.53873	23.42171	6.893625	41.00873	85.34098	21.1015	84.51936	15.14699	29.21559	51.90102	8.674926	34.6087	59.53899	10.04901	71.88663	21.08575	5.810177	35.6722	90.01597	14.32544	27.90433	53.67207	42.32675	48.87908	37.71056	11.67404	24.03576	18.05388	48.76789	16.58281	61.38945	15.75464	59.34938	34.0163	16.97192	11.97505	35.35422	19.25698	46.1467	44.95465	58.10947	42.30479	75.30559	39.42444	42.00085	73.46458	84.56405
16/01/2017 11:00:00	72	86.8585	10.66755	56.9215	58.24958	43.93997	13.43959	36.15869	29.24188	51.50265	10.81722	26.43897	8.984108	65.02641	48.13578	42.1454	45.01245	23.73466	6.854055	41.31166	86.41934	21.12715	86.80388	15.06662	30.49915	53.13198	9.357312	35.9702	59.5703	10.29563	73.63354	22.96886	5.79877	36.67992	91.37651	14.41988	29.76119	56.39278	44.51665	50.34939	38.79218	11.52415	24.61602	18.22893	50.15945	16.61667	63.15408	16.18252	61.98597	34.2604	17.22479	11.91169	36.46618	19.79535	46.73548	46.66698	58.90554	43.4545	77.13287	40.88892	43.27438	74.99016	86.48344
16/01/2017 14:00:00	75	87.82758	10.4191	60.5498	59.78632	45.99409	12.95294	36.8021	30.53925	55.1901	10.68231	27.52943	9.23603	66.74078	50.06609	43.21833	45.7651	25.38672	8.422709	43.32075	88.49833	21.76194	89.12501	16.2595	32.29508	54.67824	9.063859	36.39781	60.35323	11.09825	74.02641	23.02399	6.167898	38.23591	92.41055	14.88361	30.74263	57.91161	45.92285	53.20555	39.92418	11.71904	24.89649	18.33344	51.73981	17.62946	65.23917	16.68785	63.39466	35.92357	17.14482	12.06012	36.98871	19.77562	47.56246	47.23175	60.59323	44.79985	77.78733	40.86236	44.21798	76.61294	87.03831
16/01/2017 17:00:00	78	89.84748	10.79832	61.36548	61.02955	45.36883	13.87152	37.73977	32.14832	56.00251	10.95127	27.71559	8.840317	69.05788	51.31917	43.4799	46.9387	25.575	8.551834	43.93597	89.76695	21.62363	90.23007	16.20787	31.0611	55.69663	10.19575	38.439	62.14383	11.21988	75.91915	25.18689	6.104605	39.85889	93.70001	14.88387	31.9249	58.98998	46.58998	54.72274	40.98577	11.98238	25.59359	18.53189	53.02709	17.00973	66.09643	17.44037	64.97331	37.05949	17.67349	12.34605	37.73014	19.61289	49.23003	48.37849	61.3951	44.48244	79.11497	42.23637	45.30458	77.69542	89.24092
16/01/2017 20:00:00	81	91.24616	11.24317	64.08224	62.22609	46.71219	13.56792	38.63879	32.00518	56.69372	11.30598	28.55158	8.812063	70.62985	52.81335	44.9063	48.05093	26.55921	8.837197	44.6918	90.34656	22.60291	91.55186	16.99502	31.25557	57.02684	9.96619	39.65861	63.48008	11.20423	78.02268	26.46296	6.437411	40.92111	93.97527	14.68714	32.31503	60.81494	48.52874	55.75015	42.41964	12.61707	26.45254	18.69523	55.54556	17.83497	68.19138	17.8513	67.37919	37.7356	18.07095	12.11036	37.69898	20.68258	50.85415	50.60257	63.22068	45.26718	80.78391	41.64946	47.18313	79.12721	89.70939
16/01/2017 23:00:00	84	91.17724	11.11667	64.4286	63.07609	48.30434	13.29561	39.39748	34.40178	59.34996	10.89817	29.55011	9.197522	72.16338	53.32152	46.10084	48.35492	27.64195	8.999571	47.24981	90.56451	23.72814	92.46141	17.24324	32.90004	57.66696	10.42845	40.1208	65.39459	11.80735	79.12709	27.63708	6.466279	41.61261	94.75723	15.1567	33.2558	61.73438	49.30868	57.5341	43.83866	12.9609	27.11918	19.51048	56.95328	18.27576	69.87168	17.79729	68.93413	38.94134	17.8784	12.1904	38.56383	21.11507	51.10047	51.79276	64.65157	46.1912	81.3439	42.97561	48.57376	80.42187	89.43425
17/01/2017 02:00:00	87	92.69698	11.11673	64.85239	63.44252	49.00757	13.71293	40.50286	34.38475	61.77999	10.98207	29.36425	8.153102	73.77623	55.20837	48.11795	49.79881	26.72646	7.4357	47.60693	91.25782	23.32866	93.50032	16.74875	33.65338	59.90271	9.473875	41.49613	65.87227	12.28765	79.58673	28.36443	6.771729	43.09345	95.00314	14.9274	34.923	64.38419	49.90122	59.43897	44.59119	13.37402	28.0526	19.52183	58.66465	17.77945	71.58025	18.93238	70.55415	39.5252	17.80236	12.72146	39.39798	21.81789	52.21599	52.28405	65.82584	47.76096	83.14552	43.15633	49.47274	81.83216	92.25564
17/01/2017 05:00:00	90	93.95939	11.89736	69.979	65.41561	50.93104	14.28541	41.05465	36.24779	61.9124	11.81902	30.94493	9.236901	75.97838	57.88556	48.27685	51.42041	27.96783	6.964634	48.66181	91.91669	24.46218	94.60347	17.2565	34.28704	60.44886	10.03074	43.60697	66.75603	12.67886	80.98656	30.51103	6.571396	46.09278	96.20152	15.69446	35.89326	65.50646	51.5036	60.82106	46.25303	13.77854	28.7555	19.89005	59.56005	18.64775	73.03228	19.70695	72.17716	39.78348	18.43476	12.69818	39.98425	21.94809	54.383	53.72515	66.82194	48.14665	84.4192	43.67861	50.61424	83.23548	93.63161
17/01/2017 08:00:00	93	94.08965	11.75476	69.7964	66.55405	51.0402	14.09704	42.15689	36.24276	63.79868	11.32821	30.98321	8.795668	77.14564	58.50759	49.30907	52.42575	28.67807	8.81971	50.29019	92.47591	24.51892	95.6543	17.50203	33.7761	61.65025	10.28264	44.72723	66.4367	13.44705	81.87602	29.89045	7.906995	47.11821	96.32473	15.67917	36.4445	68.02125	52.17261	62.68492	47.15748	13.39079	28.94136	19.88732	60.89035	18.4432	74.19942	20.46739	73.90044	40.9665	18.80504	12.90716	40.55933	21.52951	54.70896	54.8528	67.93231	49.1043	85.50049	44.31188	52.0094	83.99432	93.18867
