Label: RS JC																																																															
Metric: Phase Object Confluence (Percent)																																																															
Cell Type: plate 1																																																															
Passage: 1																																																															
Notes: 																																																															
Analysis Job: RS JC																																																															
																																																															
Date Time	Elapsed	A1	B2	C2	D2	E2	F2	G2	B3	C3	D3	E3	F3	G3	B4	C4	D4	E4	F4	G4	B5	C5	D5	E5	F5	G5	B6	C6	D6	E6	F6	G6	B7	C7	D7	E7	F7	G7	B8	C8	D8	E8	F8	G8	B9	C9	D9	E9	F9	G9	B10	C10	D10	E10	F10	G10	B11	C11	D11	E11	F11	G11	H12
13/01/2017 11:00:00	0	24.37009	12.91709	17.09414	10.84021	27.97755	10.28071	26.55484	7.993369	14.26503	11.15	19.1291	10.94887	27.26814	11.03113	46.29413	22.23606	12.06169	74.54933	39.78673	15.58511	24.21092	18.51537	45.15077	43.33054	18.13544	24.7313	4.98358	41.34495	62.1045	6.626686	24.35578	24.98439	45.12844	23.05708	14.02674	17.77126	19.67045	22.28465	61.05431	45.10981	21.90341	31.45182	13.14828	24.58547	27.03906	37.63953	33.18367	37.65217	11.32388	8.10527	9.012427	47.10815	32.10981	18.87616	20.70103	35.54163	19.81061	23.85002	20.92729	36.25595	17.08154	23.8652
13/01/2017 14:00:00	3	25.49462	12.83563	16.74152	9.371752	28.55101	10.05919	27.22243	7.646	14.25182	10.83793	19.13735	10.85388	27.88956	11.32738	47.82332	23.13788	11.835	77.2769	40.82795	15.56984	24.85703	18.41468	45.19046	44.76517	18.36153	25.29617	4.898201	43.28378	62.52789	6.779056	25.24575	25.65751	45.46541	23.33508	13.87578	18.39304	20.0565	22.78775	63.12811	46.2177	22.29547	32.93132	13.29535	25.7058	27.19507	39.15237	34.569	38.72834	11.44944	7.709234	9.031072	48.41392	32.8003	19.11666	20.97029	36.89624	19.5327	24.73588	22.03464	37.37193	17.6849	25.20729
13/01/2017 17:00:00	6	27.33109	13.6876	17.08628	10.38207	29.02068	10.11455	28.30437	7.218367	14.68672	11.17421	19.29504	11.04633	28.31193	11.21943	49.93076	24.1035	12.11203	79.66501	42.25312	15.8119	25.96618	18.49178	45.92987	46.18623	18.62766	25.87316	4.766017	45.36417	63.96742	6.80053	25.9093	26.60081	45.91658	24.41257	14.30732	18.77517	20.4444	23.82278	66.21125	47.74215	22.70131	33.38546	13.82692	26.19682	27.95927	40.35876	35.27486	40.65125	11.53388	6.949304	9.073664	50.58835	33.69318	20.31811	21.66312	38.08295	20.23495	25.62231	22.45613	38.69224	17.99908	27.0052
13/01/2017 20:00:00	9	28.90471	13.89504	17.60382	10.38182	30.0342	10.11949	29.82253	7.202774	15.00278	11.27874	19.68479	11.27779	28.88874	11.75515	52.39972	25.03795	12.42128	82.42542	43.99723	16.1388	26.9243	19.57635	46.60844	47.99276	19.1431	26.82594	4.824908	46.66758	64.68704	6.901793	26.88208	27.13589	47.10579	25.21879	14.43242	19.54567	21.11344	24.68978	68.80424	49.1228	23.2944	34.862	14.0403	27.32016	28.51964	42.31463	37.23862	42.05937	11.59774	8.547279	8.936853	52.72184	34.49133	20.15782	22.07461	39.52618	20.50712	26.22279	23.68982	40.42252	18.4775	28.21697
13/01/2017 23:00:00	12	29.85788	14.10441	17.70872	10.19015	30.87807	10.12583	31.12967	6.998033	14.86637	11.45853	21.27267	11.43031	30.94705	12.2051	53.41882	26.0931	12.22756	84.79875	45.49387	16.21915	28.1557	20.37784	46.8844	50.75891	19.45333	27.93365	5.156557	48.59203	65.02926	7.108714	27.73029	28.15359	47.38662	26.13067	14.93474	20.22585	21.72236	25.42843	71.05172	51.38101	23.82141	35.66845	14.28326	27.98594	29.68948	42.50548	38.54268	43.38253	11.57863	7.859453	9.025285	54.65615	35.56688	21.00293	22.42782	41.15661	21.23766	26.53253	24.2383	42.02734	18.90848	29.24351
14/01/2017 02:00:00	15	32.50444	14.13124	17.17861	10.86085	31.8946	10.77537	32.06335	7.966142	15.53659	11.38248	20.75285	11.44989	31.35094	12.65889	56.23912	26.89567	12.50945	87.40593	46.77632	16.43278	29.32649	20.76966	47.46768	52.22805	19.54525	28.30334	4.684655	49.89643	66.1937	7.222607	28.15882	29.08303	48.00979	26.16384	15.25111	20.26519	22.28399	26.11107	72.86845	53.35807	24.46255	37.28779	14.65391	29.33113	30.67355	43.5519	39.9505	45.40619	11.85329	8.854942	9.357381	56.86467	36.65997	21.31412	23.40849	42.71765	21.47368	28.06068	25.39867	43.49009	19.57928	31.15393
14/01/2017 05:00:00	18	34.9846	14.57206	18.15331	10.08546	32.98625	10.97326	33.63643	7.250992	15.97468	12.09165	20.9613	11.82263	32.25692	12.074	58.1939	27.64637	12.34572	89.16077	48.22866	16.9578	30.38257	21.59473	48.00216	54.93471	20.28996	29.45621	5.265886	51.77372	66.43264	7.398249	29.53489	29.59666	48.37355	27.53197	15.49545	21.22851	22.74373	26.45685	75.23341	54.48923	24.78716	38.69009	14.65984	30.43319	30.85341	44.3843	41.28677	47.57601	12.22024	8.13677	9.306466	58.41786	37.94139	21.81088	24.2728	43.90638	22.58975	29.04273	26.54376	44.76271	20.13287	34.46856
14/01/2017 08:00:00	21	37.38313	14.33315	19.33991	10.60583	33.71104	10.58817	34.88242	7.271148	16.46903	12.16058	21.51146	11.54716	33.14184	13.06743	60.73076	29.51815	12.51232	91.87522	50.33139	17.15195	31.49562	22.04352	48.63436	57.07224	20.85305	30.74795	4.726766	52.76212	67.46423	7.511539	30.75875	30.72871	49.21896	28.05875	16.69212	21.47094	23.14819	27.42037	77.97325	56.98273	25.69069	39.84425	15.16666	31.63094	32.34064	46.82508	42.58142	49.46745	12.61302	7.908054	9.486585	60.43854	39.48078	22.49709	24.84168	45.53741	23.11217	29.70186	27.95702	46.69936	20.72472	35.63149
14/01/2017 11:00:00	24	39.47758	15.42431	19.01113	10.82734	34.82856	11.36261	35.97179	7.086629	16.31566	12.09647	23.17048	11.83757	35.58047	12.39765	62.51487	31.35441	12.6912	93.73991	51.80769	17.59377	33.45179	23.08531	48.59894	58.94397	21.39593	31.80915	5.457507	54.16463	67.87097	7.573673	31.78168	31.85905	49.17521	29.7159	16.38107	22.89436	23.76533	28.17068	80.95145	58.5734	26.34796	41.95502	15.37977	32.50807	33.86872	47.71105	43.89918	50.75711	12.4493	8.195055	8.987127	62.32085	40.30462	22.77833	25.74051	47.26632	23.52225	30.76336	29.1583	48.53855	21.32125	38.15522
14/01/2017 14:00:00	27	42.80744	16.01342	19.05013	10.86647	36.0639	10.32758	36.91581	7.074926	16.66209	12.26218	22.51011	12.10865	36.28091	12.73823	64.49395	33.16298	12.98498	95.31264	53.09642	18.03054	35.03818	23.58466	48.25529	61.99292	21.51553	32.87304	5.373157	57.76514	68.65401	7.698201	32.48032	32.86409	49.9034	30.63775	16.82278	23.23817	24.87347	28.00401	83.26833	62.71646	26.95391	43.81059	16.10472	33.77073	35.12405	50.43835	45.09671	52.78411	13.11142	7.443356	8.947523	64.16596	41.54209	23.3194	26.18051	48.94491	24.49966	32.03017	29.82992	50.65462	21.7391	41.10649
14/01/2017 17:00:00	30	44.73757	16.22455	19.14863	10.04878	36.82471	11.1238	38.66956	7.031692	16.84632	12.68156	24.10748	12.50197	37.92597	13.02321	66.06932	33.86664	13.65957	97.1601	54.64343	18.22299	35.59172	24.29947	49.41574	64.35118	21.55968	34.1087	4.767303	57.52606	69.65055	7.908662	33.67746	33.99444	50.80375	31.2844	16.76001	23.9663	25.31632	28.72373	85.88013	64.11958	27.66964	44.8742	16.37909	35.3257	36.07168	51.17284	47.04252	54.35859	13.3212	8.344212	8.701543	66.46066	43.46003	24.18344	26.7916	50.2688	25.59636	33.17272	31.29562	51.16757	22.5097	42.79985
14/01/2017 20:00:00	33	48.83525	16.27606	21.05004	11.95817	38.513	11.25145	39.20333	6.257041	18.11794	13.38368	25.00568	12.41931	38.61686	13.00327	68.53295	35.71671	13.49636	98.298	56.11031	18.68088	37.63995	25.00262	49.40593	67.10949	22.57741	35.49848	5.334066	60.21613	71.55286	8.191707	34.88771	35.16306	52.18117	33.3466	17.54226	24.80863	26.37404	29.54603	87.53014	66.12663	27.75667	46.86194	16.76753	36.25423	37.24011	52.099	47.91326	56.86055	13.66329	7.31554	9.643225	68.41013	44.55754	24.76025	27.60649	52.27793	26.31923	33.38684	32.72683	53.83358	23.23791	45.29983
14/01/2017 23:00:00	36	51.73776	16.62239	22.46419	12.01157	39.64179	11.42354	40.50239	6.487075	18.07724	13.49221	25.32036	12.81027	40.48039	13.63612	71.28883	37.4661	13.86388	98.93459	58.16644	18.85114	39.08984	26.17948	50.11609	69.57705	23.01567	36.70716	4.465033	62.6546	72.53268	8.504812	36.23516	36.24584	53.56446	34.40106	17.98314	25.69614	26.81044	30.5892	90.04301	69.29164	28.87029	48.4578	16.76843	37.93586	38.70357	55.18715	50.21424	58.41761	14.08029	8.657987	8.840544	70.26605	45.71242	25.41636	28.41849	54.24388	28.20837	34.35455	33.75856	54.78162	23.51582	48.18774
15/01/2017 02:00:00	39	54.53655	17.54864	22.8784	11.27358	41.31284	11.72789	41.94783	7.113246	18.61719	13.55063	26.03993	13.483	42.03532	13.89542	73.25476	39.51814	13.68857	99.09062	59.30815	19.36163	40.77947	27.3785	50.86877	72.36891	23.47599	38.25848	5.351841	65.13554	72.88004	8.374624	37.21536	37.58698	54.03181	35.68955	18.38222	26.45463	27.71727	30.62611	91.71503	70.09201	29.13967	49.72901	17.44628	39.23874	39.97247	56.64279	51.32531	60.49325	14.39957	8.080902	9.162387	72.89362	47.92363	26.24464	29.25317	55.60509	27.87206	35.54167	34.86922	57.05557	24.07186	50.63048
15/01/2017 05:00:00	42	57.81291	18.15365	24.04947	12.02064	43.10384	11.92092	42.8562	6.573742	18.98794	13.6251	27.90621	13.33956	43.56367	14.47064	75.48811	40.29119	13.53816	99.37624	61.2949	19.6527	42.38667	27.87141	50.80143	74.11546	23.73303	39.61681	4.020263	67.20288	74.51295	8.491599	38.88483	38.92284	55.04609	36.9782	18.98982	27.60229	28.41007	31.39964	93.6446	73.95478	30.10526	51.81055	18.01386	40.4536	42.36191	57.00229	53.47198	62.00024	14.73214	7.363179	9.048079	74.9506	49.10524	26.79645	29.78237	57.15184	29.20096	37.27471	36.45878	58.75109	25.09037	54.37162
15/01/2017 08:00:00	45	59.69809	18.68963	23.89919	13.71367	43.56906	11.74827	44.12045	7.063484	20.56653	14.04909	26.81898	14.17203	44.75793	14.86983	77.28371	43.24918	13.45033	99.68266	62.84296	20.40918	43.81025	28.13346	51.35547	76.65688	24.30565	41.14786	5.593771	69.63532	76.21365	8.728617	40.44895	39.64895	56.06252	38.49589	19.18967	28.07523	29.52766	32.68019	94.46483	76.50838	31.41195	53.3357	18.69003	42.27493	43.80006	59.2234	55.61977	63.90837	14.51295	9.190806	9.140238	76.00681	50.43579	27.88272	30.73458	58.67244	30.07948	37.86003	37.02898	59.99586	25.63647	56.25851
15/01/2017 11:00:00	48	65.11329	19.19165	24.18307	12.87553	45.26726	11.85084	45.19654	6.940782	19.4152	14.60372	28.01354	14.08357	46.3001	15.2117	79.17526	45.24182	13.86283	99.66732	65.14041	21.20082	45.98201	29.55955	51.99583	79.20525	24.30611	42.44147	5.656583	72.13679	77.79501	9.417915	41.12005	40.82684	58.1628	40.0829	19.94243	29.11528	29.7244	33.28654	95.55313	78.24575	32.47198	55.2495	19.47936	43.12633	44.73724	60.7606	57.37183	65.66599	15.12696	9.443634	9.080925	78.24811	51.98867	28.41782	30.95818	61.25658	30.58964	39.71859	38.99773	62.49648	25.97347	58.69983
15/01/2017 14:00:00	51	67.97171	20.03097	25.28608	12.92356	46.24308	12.37004	46.15506	6.247173	20.84979	15.17315	28.87133	14.73285	47.25644	15.52151	80.87868	46.61339	14.16943	99.78373	66.34476	21.75424	47.14793	31.08623	52.62024	80.91679	24.69288	44.19604	5.369298	73.70713	79.1232	9.676558	42.58202	42.06895	58.88213	41.96277	19.63454	30.14175	30.89532	34.3107	96.43154	80.56053	32.82205	56.76225	19.49884	45.63094	46.6917	62.44294	58.56954	68.15939	15.68473	8.923028	9.379244	79.53624	53.64806	28.74474	32.39382	63.2668	32.96709	40.01217	40.73259	64.10632	26.57614	61.3903
15/01/2017 17:00:00	54	71.95219	19.79025	25.762	12.91179	47.81016	12.98833	46.68556	7.593667	21.33524	15.34638	30.40005	14.3009	49.96627	15.70138	81.64922	48.93509	14.48954	99.8122	68.03492	21.56544	50.06739	31.9195	52.69598	83.26684	25.36524	46.96971	5.829919	75.90277	80.20749	9.758307	44.10016	43.39682	59.66935	44.24655	20.78447	31.12944	31.61408	33.96384	97.30022	82.56901	33.44175	58.33075	20.02686	46.33126	48.08907	62.47452	60.80616	69.52623	15.55158	8.864519	8.851954	81.20276	54.59297	29.65454	33.28737	64.50832	32.19556	42.10758	41.84653	66.30434	27.60988	64.49718
15/01/2017 20:00:00	57	74.95433	21.13089	26.59943	13.80939	49.03411	12.7346	47.89947	6.586633	22.65859	15.56177	30.5337	15.32135	50.95409	15.59858	84.38202	50.70454	15.67137	99.70394	69.76619	22.33487	52.15527	32.15155	52.99129	84.80982	25.80268	47.63663	5.223486	77.62579	81.13897	10.02544	45.48954	45.22403	61.28292	45.11228	20.9256	31.07955	32.1451	34.42334	97.60242	85.07363	33.9312	60.03611	20.64099	48.23814	49.93238	64.679	62.34284	71.65092	16.38332	8.074566	9.303153	82.71645	55.88099	30.76353	34.02517	65.87065	33.7859	43.72229	43.90165	67.80327	28.37709	66.24952
15/01/2017 23:00:00	60	78.53464	21.44415	26.77734	15.3386	50.35618	12.92204	49.28043	6.573741	22.72085	15.87738	31.94977	15.33684	52.49284	16.54277	87.29507	51.73265	14.70615	99.84971	71.68504	22.69944	53.35812	34.13265	54.12117	86.75683	25.31229	49.7552	5.466671	79.62248	82.6132	10.16604	46.58422	46.72828	62.46917	46.89159	20.93414	32.19644	32.68148	35.396	98.36483	86.79685	35.80917	61.54663	20.69773	49.57714	51.98445	66.18153	64.1128	72.73814	16.89915	8.449457	9.685596	84.4465	57.36732	31.51118	34.54257	68.31795	34.20432	45.25987	45.07644	69.56789	29.46964	69.44304
16/01/2017 02:00:00	63	81.41084	21.68636	28.33167	14.87839	51.24285	13.37389	49.88561	6.844701	23.45303	15.70005	32.4357	16.15502	54.266	16.94993	87.85866	55.02388	14.98757	99.94214	72.7186	23.01206	56.1836	34.4447	54.54653	87.42178	25.66506	51.59071	5.048195	79.51806	83.592	10.40496	48.05413	47.23409	64.11497	48.4793	21.83764	33.92103	34.28567	35.47712	98.67086	88.84858	35.98745	63.54491	21.42997	51.5876	53.52019	67.83606	66.79273	75.22525	17.1781	8.549171	8.762108	85.16409	59.09241	31.53631	36.28492	69.66642	35.24443	45.43607	46.78972	71.26987	29.67991	74.61433
16/01/2017 05:00:00	66	82.03133	22.92796	29.97386	15.65388	52.48734	13.46489	50.89422	6.801174	24.15646	16.4209	33.04935	16.38335	55.58071	17.00583	89.21722	56.42207	15.45498	99.92288	74.76455	23.2006	56.71238	36.20595	55.58667	89.90403	26.86629	53.71497	4.983291	82.20655	85.14435	10.46967	49.78555	48.48781	64.85764	50.32312	22.38054	34.63372	34.62127	34.76709	98.85143	89.57874	36.86289	65.25513	21.29862	53.12063	55.94188	67.52792	68.0143	76.60929	17.25895	8.554514	9.760203	86.82588	60.55148	32.43309	36.26493	72.29108	37.53283	46.96337	48.27682	74.27474	30.31096	76.20107
16/01/2017 08:00:00	69	85.63573	24.08504	30.54432	15.2479	54.0843	13.79507	52.26397	6.065546	24.26495	16.9722	33.91484	16.86342	57.81585	17.141	90.38218	58.19845	15.37614	99.9285	76.54129	23.08308	58.50502	37.73496	56.74598	91.34365	27.4903	54.86845	4.339056	84.76465	85.89344	11.12489	50.69611	49.81776	66.65344	51.05143	22.21006	36.15393	35.79572	36.64996	98.9297	90.95549	38.08508	66.93395	22.078	54.7761	57.37008	67.76845	69.69901	78.47287	17.28884	9.307234	9.48269	88.25005	61.88291	33.26492	37.68136	73.71703	38.29149	47.73619	50.20168	74.71706	31.47661	77.72183
16/01/2017 11:00:00	72	87.58612	24.86273	30.17309	16.88037	55.67749	14.05587	53.67435	6.564547	25.79157	17.64479	35.31508	17.28235	59.31526	18.30886	91.60041	60.50472	15.54285	99.89783	76.84303	24.82538	60.7546	38.11087	56.52319	92.35982	27.67376	56.37661	4.106834	84.48976	86.74846	11.45323	52.50545	50.8854	68.24225	53.71157	23.0308	36.15157	36.58647	36.70854	99.05687	93.15878	38.38871	68.49675	23.07973	55.50996	59.06058	71.09371	71.47765	80.519	18.64212	8.926783	8.879858	89.8449	64.04122	33.69389	38.26605	76.05354	38.37978	49.23216	51.46461	77.33201	31.95221	80.39516
16/01/2017 14:00:00	75	89.01453	25.73437	30.51404	15.72212	57.16821	13.9392	54.90681	7.123214	26.64401	18.07185	36.72388	17.8755	60.8779	19.01968	92.69099	62.75695	15.66786	99.96439	78.85712	25.03917	63.24809	39.3463	57.08839	93.19384	27.93983	58.01197	4.97429	87.28356	87.9069	11.92244	54.20438	52.13422	69.66277	55.65371	23.64642	35.74118	37.39241	38.98174	99.59245	93.93941	39.50291	70.15142	23.18684	56.85823	61.25088	72.29852	72.9131	81.79565	19.3485	9.311259	9.362691	90.64709	65.27202	34.49794	39.50646	78.12122	39.23911	49.79302	53.29102	79.11469	32.95382	82.30448
16/01/2017 17:00:00	78	89.91533	26.0153	31.84539	16.8795	58.53983	14.42407	55.50584	6.411146	27.29425	17.84582	35.78273	17.69756	62.21149	19.19219	93.9015	65.12979	16.04008	99.95757	80.79052	26.12556	63.60546	39.60616	58.40453	94.20368	27.95158	59.88872	5.53231	87.08113	88.77127	11.97824	55.90243	53.36189	70.93517	57.71135	24.32754	37.09969	37.56887	37.23748	99.51218	94.25658	40.28148	71.64923	24.09431	58.66664	63.47248	73.48946	75.33296	83.41692	19.82161	8.655254	8.817946	91.87955	66.08846	35.64016	40.62737	79.08525	40.38497	51.24903	54.47419	80.69788	33.36047	84.39953
16/01/2017 20:00:00	81	91.60507	27.43309	32.85915	17.18466	59.48876	14.63799	56.71547	6.338818	27.31611	18.81378	37.24457	18.38367	63.73887	18.69837	94.61155	65.81117	16.28177	99.97409	82.17274	26.12755	68.08252	41.4226	58.16203	95.05438	28.90064	62.20242	5.128398	89.07859	89.8137	12.32863	57.46909	54.89331	72.18988	59.75069	24.71985	38.00511	39.03436	38.30719	99.71098	95.20216	41.60753	73.12346	24.80344	59.0268	65.095	75.21044	76.92397	84.27419	20.47697	8.551267	9.413733	92.75173	67.89594	36.03286	41.3761	80.77993	41.85526	51.4139	55.71653	82.38519	34.15832	86.4709
16/01/2017 23:00:00	84	91.64112	26.77699	32.8866	17.33097	61.76461	14.65104	58.27261	6.584897	28.82983	19.1784	37.83206	18.59916	65.32093	19.27941	95.66599	68.26655	16.39039	99.97734	83.98533	26.65685	68.93254	42.42037	59.67877	95.25266	29.43029	64.01064	5.52437	89.91148	90.48095	12.76003	58.51097	55.16301	73.50188	61.0553	25.04519	40.41883	39.1627	40.28268	99.74737	95.73131	41.83557	74.97621	25.05381	60.58898	66.58646	74.788	77.44505	85.72029	19.29085	9.053066	8.513685	94.16085	69.15232	37.10944	42.03194	82.3568	42.68841	52.75378	57.92213	83.66933	35.21246	88.67801
17/01/2017 02:00:00	87	93.00454	28.54597	33.00574	19.29172	62.25155	14.79163	58.76094	6.73193	28.5674	19.70891	40.25404	19.85434	67.11872	20.77327	96.05339	70.7009	16.66305	99.98363	84.71345	26.92566	70.88762	43.81509	60.53472	96.54727	29.93845	65.70748	5.587602	91.4677	91.21182	12.68806	60.03003	57.0389	75.10112	64.21378	25.27838	40.37124	40.46827	40.09383	99.85103	95.98715	42.10002	76.03774	25.78473	63.48389	69.07377	75.96531	79.87749	87.55264	21.06678	8.784133	9.425758	94.30933	70.74168	37.21268	42.71527	84.20126	44.32233	53.45027	59.46503	84.93984	35.83604	89.841
17/01/2017 05:00:00	90	92.27464	29.51752	33.52117	19.20888	63.74511	15.59629	59.94923	6.865015	29.48383	19.47727	39.13207	19.16259	68.17711	20.17959	96.12351	73.75362	16.78984	99.97598	86.94864	27.84723	73.06245	44.78207	60.86218	96.81451	30.11253	66.67592	5.334227	92.18079	91.8783	12.77215	61.27656	58.25188	76.76492	66.19287	26.18511	41.85852	41.76514	39.96032	99.86168	96.52268	43.72429	77.4453	25.80431	64.0805	71.19991	77.85568	81.31317	87.99562	22.0815	8.590035	9.902069	95.21705	72.07516	37.54913	43.82532	85.07877	45.56381	55.69002	60.80999	86.49342	36.66763	90.53309
17/01/2017 08:00:00	93	94.6181	29.68569	36.17447	18.8581	65.05128	15.04201	60.65989	8.200708	29.87746	20.18695	40.23735	19.75169	70.70919	21.24962	97.43194	75.69503	16.77265	99.95917	86.87864	28.0827	73.97536	46.61709	61.43337	97.51785	30.38122	69.19401	5.171728	92.41688	92.17146	13.78947	63.19889	59.16484	78.50477	66.6306	25.92175	42.95697	42.07973	39.95572	99.87193	96.84193	44.76034	78.71348	26.97678	65.00513	73.08515	78.06569	82.42683	89.41804	22.38412	9.317042	8.090222	95.56597	72.92792	38.76518	44.42064	86.76624	48.01863	55.83613	62.68377	88.35382	37.82404	91.5998
