Label: RS JC
Metric: Phase Object Confluence (Percent)
Cell Type: plate 5
Passage: 1
Notes: 
Analysis Job: RS JC

Date Time	Elapsed	A1	B2	C2	D2	E2	F2	G2	B3	C3	D3	E3	F3	G3	B4	C4	D4	E4	F4	G4	B5	C5	D5	E5	F5	G5	B6	C6	D6	E6	F6	G6	B7	C7	D7	E7	F7	G7	B8	C8	D8	E8	F8	G8	B9	C9	D9	E9	F9	G9	B10	C10	D10	E10	F10	G10	B11	C11	D11	E11	F11	G11	H12
13/01/2017 11:00:00	0	18.23083	16.37337	8.251616	1.989252	44.1427	12.50684	0.6824021	5.731103	8.299691	36.14803	12.65162	13.76707	4.694062	20.92881	65.10072	19.38945	15.93826	3.171972	2.106543	11.30678	27.95238	4.111476	35.71112	3.181436	4.005305	3.273652	2.58303	1.425522	24.13862	5.151277	3.596512	10.52864	15.58998	10.67384	12.07131	2.73327	14.82773	12.7741	3.738949	46.62262	21.58848	13.0084	2.622817	1.38532	7.68167	14.67176	5.020239	3.286776	10.56042	8.613986	21.27736	2.822309	22.22702	7.892904	5.35664	33.16609	6.796874	22.60584	7.338159	8.194492	4.217783	15.56538
13/01/2017 14:00:00	3	19.74227	17.8793	9.923396	2.665161	48.56806	13.88857	0.9707946	5.961193	9.441108	40.26012	14.78116	17.53191	5.167303	23.30543	71.32448	21.67205	17.66101	3.550371	2.668891	12.31999	30.10458	4.625263	38.23595	4.095796	4.388054	3.544568	3.105382	1.867747	26.55173	6.106737	4.229871	11.72372	17.76561	11.72676	13.69813	2.969096	16.41779	14.03846	4.860883	49.51563	22.63097	14.32617	2.98906	2.391274	11.48852	16.60208	5.621409	4.237192	13.09109	9.840716	24.34414	3.369391	25.06141	8.745994	5.842039	37.13728	7.744804	24.45201	8.109387	8.925591	2.834811	16.58074
13/01/2017 17:00:00	6	21.48969	18.43792	9.857499	2.428023	50.74974	14.17531	1.499848	5.872707	9.510595	41.49349	15.89516	16.83956	5.18464	23.57026	74.25791	21.98524	18.17674	3.527921	2.54041	12.68914	31.36619	4.500856	39.71571	3.406139	4.490011	3.577103	2.914456	1.522505	27.83718	5.847149	4.134271	12.38257	18.36523	12.06073	14.30557	2.978075	16.56657	14.67541	4.272629	51.09768	23.35765	15.14347	3.117747	2.544553	9.562196	17.20574	5.645998	3.743921	13.46113	10.13767	25.30649	3.468999	26.6217	8.695915	5.669968	39.20196	7.959567	25.21744	8.434256	9.130538	3.881521	18.25526
13/01/2017 20:00:00	9	23.50442	19.50085	10.33012	2.593599	53.43336	14.21715	1.524094	5.949933	10.34607	44.31234	16.71081	17.56279	5.318442	24.86669	78.08058	23.15844	18.61336	3.593542	2.68837	13.48461	33.93001	4.541473	41.69733	3.494142	4.592866	3.594855	2.926269	1.561049	28.78211	6.130015	3.983821	12.78999	19.51329	12.18868	15.31416	2.921986	17.09818	15.08779	4.33314	53.03893	23.98271	15.36742	3.119473	1.757916	9.723004	17.83488	5.755209	3.822946	14.03522	10.58611	26.15958	3.369875	27.81851	8.887738	5.894188	40.77372	8.396609	25.67894	8.560596	9.406844	4.410712	19.77528
13/01/2017 23:00:00	12	25.14749	20.61347	11.1142	2.671447	55.11816	16.03703	1.246753	6.132225	10.54038	46.45115	16.01058	18.72355	5.324312	25.95173	80.44706	23.08135	20.20634	3.948801	2.862719	14.19713	34.95878	4.911097	43.39896	3.710282	4.725423	3.699852	3.051987	1.532728	30.41398	6.373509	4.201895	13.71132	20.54957	12.38831	16.37434	2.921916	17.5695	15.74346	4.65096	54.08619	24.94903	16.25124	3.206026	1.829479	10.46247	18.49801	6.054515	4.033695	15.29572	11.6371	27.48859	3.616199	28.86965	9.254947	6.239501	43.39862	8.814514	26.51429	8.794971	9.813219	5.146717	21.20187
14/01/2017 02:00:00	15	27.31943	21.25574	11.49985	2.811741	56.99155	15.72143	1.191147	6.201784	10.28287	46.31404	17.53095	19.37072	5.728544	26.05817	83.76264	25.22	20.88141	4.957794	2.850007	14.73627	36.5875	4.944671	45.63674	3.837657	4.580086	3.896717	3.024908	1.46683	31.686	6.531073	4.359044	14.19478	21.00436	12.67393	17.59815	3.154357	18.32283	16.43008	4.846169	56.29023	26.13305	16.84862	3.22143	1.650226	9.738129	19.03908	5.972936	3.924279	14.79926	11.9324	28.44827	3.417814	30.45281	9.360559	6.748106	45.05327	8.961645	26.421	9.136343	10.25482	4.953857	23.37836
14/01/2017 05:00:00	18	29.25854	22.35349	11.68172	2.737759	59.12992	16.31217	1.413019	6.741337	11.72863	49.3975	17.53074	19.6238	5.929833	27.84331	85.41825	25.79874	22.28896	4.939421	3.163198	15.90041	37.913	5.160602	47.85485	3.807264	5.057817	4.12011	3.142682	1.626326	32.69458	6.7336	4.698067	15.26504	22.0535	13.15007	18.63997	3.120993	19.09578	16.78554	4.861436	57.05806	27.05708	18.29507	3.183439	1.81145	10.71128	19.80617	6.22907	4.220685	14.86634	12.68187	30.10292	3.558177	31.5954	9.573386	6.615204	47.38737	9.426739	27.49276	9.710364	10.30835	4.800164	25.16239
14/01/2017 08:00:00	21	30.63488	23.18295	12.51361	3.001008	60.59081	16.90974	1.407562	6.659551	12.38174	50.49279	18.81016	20.18684	6.545851	28.39399	89.0913	26.6387	22.86471	5.280863	2.858366	16.77559	39.79078	5.136288	50.21591	3.671115	4.936587	4.231461	3.192418	1.648223	34.10761	6.853864	4.842093	16.02378	24.70919	13.54664	19.67582	3.163546	19.87484	17.81464	5.231197	59.22042	27.5228	19.36968	3.486407	1.981515	12.087	20.58403	6.196605	4.076868	14.35594	13.43197	31.41738	3.66331	33.16252	9.893413	6.930745	49.3386	9.770733	28.06849	9.806174	10.73269	4.699588	27.27958
14/01/2017 11:00:00	24	34.3875	23.77873	13.36843	3.137641	63.42304	18.23297	1.131811	7.357428	12.48052	54.6569	19.14787	21.06446	7.039951	29.41678	91.90437	29.10491	23.11373	4.315249	3.228821	17.56583	41.35907	5.22208	53.19649	3.908529	5.103683	4.331342	3.301558	1.544816	36.18342	7.141079	4.854871	16.74396	25.87989	14.15486	20.41135	3.349913	20.29972	18.53068	5.192789	60.40818	28.88069	21.60139	3.892505	3.607013	12.26639	21.68388	6.324604	4.293491	15.56939	14.15043	32.18213	3.907495	34.62769	10.42282	7.222661	51.38145	10.57015	28.99972	10.17539	11.01446	4.75927	29.27913
14/01/2017 14:00:00	27	36.47416	25.11343	14.32132	3.309984	64.76783	19.29371	1.209383	7.524176	13.15373	55.46476	19.8671	23.08729	7.049693	30.74685	93.99833	29.27083	23.88144	4.903224	3.431283	18.6919	42.6988	5.438839	56.02205	3.906042	5.59281	4.493811	3.36504	1.604774	38.15263	7.229981	5.108866	18.42465	27.9693	15.10824	21.89677	3.46955	21.02986	19.327	5.608974	61.84922	31.22099	22.77796	4.065885	2.368617	12.47361	22.74364	6.555249	4.54175	16.01383	15.07689	33.94989	4.097589	36.61638	10.72157	7.616391	54.76072	11.16407	29.22333	10.56697	11.33041	4.396137	31.77064
14/01/2017 17:00:00	30	38.58803	26.5607	14.77834	3.264602	67.57323	19.12632	1.279979	8.031816	14.03107	58.97952	21.598	23.48641	7.629585	31.89517	95.12269	31.842	25.56621	5.093045	3.600243	19.77896	44.54714	5.776555	58.95634	4.218406	5.864555	4.777298	3.509686	1.626879	39.88658	7.513815	5.535066	19.59937	28.33077	15.17324	23.04329	3.449175	22.10344	20.21946	5.415147	64.45861	32.41573	24.27899	3.85693	2.499447	11.86457	23.51763	6.614376	4.547484	17.31453	15.89516	35.0089	4.073068	38.23615	10.92189	7.545244	57.28815	11.41841	29.77605	11.19391	11.72739	4.934309	33.92061
14/01/2017 20:00:00	33	42.54324	27.73673	15.62817	3.5302	70.06099	19.54265	1.764685	8.388182	14.87304	60.98275	21.78956	24.95904	8.077755	33.53739	96.30353	32.44066	26.44515	5.4807	3.912467	20.86469	45.94476	5.877196	61.90368	4.231668	5.825184	5.263869	3.55852	1.936892	41.54213	8.138259	5.630458	20.45341	30.51296	15.9527	24.53561	3.594096	22.6825	20.99043	5.699811	66.83189	34.52021	25.14865	4.528211	2.606653	12.28262	24.44642	6.648018	4.675204	18.47135	16.75115	35.61864	4.228972	39.89101	11.51172	8.260872	61.22334	11.92888	30.20689	11.74928	12.2909	4.263303	36.90988
14/01/2017 23:00:00	36	44.91953	29.05117	16.03864	3.510443	72.76691	20.38317	1.555592	8.707242	15.92948	62.86388	23.06628	26.3925	8.387628	36.07738	97.66233	35.00283	27.48149	5.545287	4.075556	22.20581	48.67106	6.054445	65.2494	4.151678	6.175951	5.228227	3.523708	1.464827	43.2093	8.230412	5.725644	21.75439	32.10626	16.12104	26.67798	3.559074	23.47867	21.93614	5.830294	67.785	35.62769	27.20988	3.433148	2.930138	13.01123	25.70021	6.724071	4.833942	17.13155	18.23552	38.37907	4.393099	41.51635	11.71088	8.240701	62.70695	12.31744	31.3617	12.04804	12.81533	5.187128	39.93172
15/01/2017 02:00:00	39	48.19904	30.74063	17.08727	3.539251	74.82932	21.75024	1.503302	8.958681	16.41717	63.99453	24.09656	27.69999	8.405521	36.31935	98.34128	35.70679	29.56005	5.860754	4.536707	23.22143	49.74103	6.24033	68.18103	4.351929	6.482648	5.705266	3.717673	1.698234	43.54307	8.645837	5.81268	22.88116	34.08503	17.00293	28.30335	3.778667	25.06729	22.11138	5.842244	69.95904	39.32104	28.81915	4.055937	2.650793	13.31966	26.6108	6.972603	4.840297	19.29453	19.2843	39.46534	4.161901	42.9736	12.04569	8.42023	65.74483	13.06747	32.18807	12.46325	13.12362	4.450293	42.50264
15/01/2017 05:00:00	42	51.04358	32.10924	17.85739	3.727965	77.44302	21.61742	1.285021	9.208732	16.59378	67.46933	25.59889	28.35875	10.18685	37.30404	98.81203	37.05487	31.19923	6.176777	4.539676	24.61089	51.01411	6.253731	70.89082	4.395862	6.642146	5.857994	3.701164	1.666598	45.86008	8.800429	6.095545	24.07369	37.30424	17.56238	29.23229	3.929667	25.88832	23.92524	6.087741	71.8527	39.52213	30.25068	4.700693	2.931172	14.92221	27.25064	7.154621	5.318648	19.94087	20.31864	40.78484	4.584162	44.47427	12.55015	8.914954	68.46638	13.45491	33.3761	12.80027	13.35827	4.857979	46.08595
15/01/2017 08:00:00	45	54.88873	33.66006	18.68161	3.889603	79.61028	22.82824	0.7436035	9.546863	17.10185	68.83653	25.87701	29.85535	9.501822	39.22413	99.34406	38.97629	32.69183	7.000444	4.523582	25.75044	52.25285	6.436713	73.66048	4.686741	7.217274	5.898611	3.803534	1.527478	47.52501	9.137445	6.163795	25.22864	38.50464	17.87004	31.79957	3.919444	26.58923	23.03885	6.173878	73.04363	41.13546	31.49024	4.562333	3.194214	14.70656	28.58587	7.289662	5.069837	20.79576	20.50929	41.90553	4.727082	46.43383	12.66696	8.898997	70.22987	14.05704	33.99455	13.7404	13.7663	4.458582	48.94728
15/01/2017 11:00:00	48	58.65703	34.94411	19.30972	4.033627	81.94815	23.19962	1.591512	9.530421	18.66532	72.74468	28.13743	30.2716	9.888788	39.89426	99.41478	40.69567	33.49614	6.252211	4.87221	27.78301	54.67307	6.891858	77.00018	4.750358	7.384436	6.108879	4.035353	1.616034	49.32666	9.381837	6.369984	26.59711	41.23093	18.79386	32.48674	3.957505	27.27171	23.51824	6.446868	74.55454	43.81389	33.44979	4.947985	3.89734	15.86372	30.05761	7.455031	5.143403	22.63761	21.90746	43.81174	4.824408	47.9783	13.32008	9.24217	73.19857	14.77806	35.23672	14.41638	14.39752	4.888856	52.87974
15/01/2017 14:00:00	51	62.02407	36.00726	20.41219	4.221445	84.12025	24.60846	1.453429	10.28363	19.89142	73.20332	25.94883	31.99457	10.01596	41.76676	99.37493	42.26452	34.75167	6.065496	4.962907	28.76188	55.36126	6.658172	79.54372	4.844028	7.407852	6.070195	4.046544	1.697267	50.20366	9.472671	6.715089	27.18729	42.41994	19.30586	34.32202	4.14926	28.37181	24.12052	7.001752	77.26584	45.50876	34.93846	4.493879	2.926198	16.99284	30.36396	7.07601	5.186918	22.22225	22.88358	44.71708	5.023761	49.27525	13.61357	9.294874	75.90855	15.18588	36.01286	14.847	14.63686	4.124876	56.00733
15/01/2017 17:00:00	54	64.7168	37.57473	21.29007	4.374724	86.1334	25.46378	1.254145	10.61263	20.27319	75.38131	29.90377	33.13197	10.3	43.94924	99.65303	44.72371	36.96728	6.767518	5.597853	30.40161	57.40227	7.115315	82.05805	5.117707	7.535364	6.401828	4.123148	1.609472	52.75163	9.850656	7.18308	28.85277	43.93352	19.81604	36.91051	4.282163	29.77501	25.54073	7.017157	79.06499	46.15206	37.30037	4.85867	2.80877	16.90139	32.15545	7.557609	5.457282	23.5045	23.96082	46.03689	5.050287	50.92403	14.32312	9.457063	79.16259	16.36343	36.67855	15.70499	15.22008	4.709328	58.91979
15/01/2017 20:00:00	57	67.06364	39.57847	22.10965	4.567307	88.17046	26.5136	3.648389	10.88486	21.53957	78.93359	31.24635	33.78669	10.7092	45.46329	99.85404	46.19261	38.51237	7.108271	5.316093	31.67034	60.10085	7.497583	84.49584	5.452378	7.995553	7.019854	4.316354	1.713155	54.16755	10.10279	7.503314	30.1291	46.3217	20.2712	38.66746	4.442695	30.66257	25.5569	7.441698	80.66695	47.85456	39.04963	4.224207	4.228353	16.96107	32.4817	7.946645	5.101954	24.2566	25.60724	47.16374	5.188992	52.53053	14.51461	10.14859	81.01999	16.78313	37.29209	15.76302	15.7052	4.828485	62.83535
15/01/2017 23:00:00	60	71.11495	41.09755	23.16686	4.850381	89.92886	27.24918	1.339523	11.10356	22.31474	78.05048	31.94554	34.75832	11.0751	49.10816	99.89881	48.62988	40.023	7.184046	5.558548	33.25432	61.04403	7.454271	87.38595	5.272228	8.126934	7.231503	4.410023	1.97744	55.96443	10.54653	7.662881	31.83935	49.46542	20.62866	40.20495	4.478476	31.93938	27.13838	7.405435	82.4424	50.27802	40.85344	4.194367	4.269522	16.86809	33.97889	7.619915	5.360024	25.68275	27.11524	49.60771	5.35816	54.19245	15.37861	9.788075	82.60016	17.70951	38.65184	16.13631	16.18416	4.780961	68.28948
16/01/2017 02:00:00	63	75.28627	42.23772	24.21461	4.864128	91.35052	28.21879	1.521331	11.69188	24.02326	80.63219	32.59629	37.57973	11.39837	50.53977	99.93914	49.61505	41.05225	6.160202	5.929902	35.60413	62.03753	7.860853	89.75106	5.540795	8.513968	7.31004	4.529663	1.821328	57.45641	10.82504	7.876116	32.61714	51.09347	21.67738	42.15468	4.512255	33.551	27.9427	7.310386	83.67077	53.10583	42.60036	4.162314	3.253275	18.29064	34.87381	8.092877	5.716179	25.96893	28.49165	50.26034	5.512683	56.2035	15.54591	10.52097	85.12682	18.71995	39.28529	16.79376	16.27134	4.821784	70.61826
16/01/2017 05:00:00	66	77.16042	44.90295	25.78912	5.209991	93.14697	28.81388	1.301323	12.16104	24.88631	82.3591	35.05477	38.69461	11.89648	49.85474	99.96836	51.655	42.44136	7.73237	6.102798	38.29147	63.45959	8.046527	91.51118	5.569256	8.794896	7.483976	4.454367	1.923422	58.91081	11.10135	8.247746	34.62962	53.60239	22.12657	44.28085	4.566617	34.94177	27.99681	7.874044	84.48945	54.66941	44.83595	4.787936	4.808729	19.69995	35.79071	8.527225	5.702157	27.32952	30.19259	52.32765	5.599302	58.03975	15.98047	10.36306	86.08387	19.33445	39.85935	17.55064	16.52126	4.546378	74.15631
16/01/2017 08:00:00	69	81.45335	46.25677	26.89039	5.428202	94.25288	30.01561	1.900765	12.23143	25.69276	82.8624	34.07375	39.55696	12.24697	51.49287	99.98543	54.14836	44.03439	7.117593	6.574656	38.59002	65.0981	8.393846	93.2586	6.024189	8.564393	7.845037	4.443246	1.874931	61.23495	11.35547	8.421956	35.63329	55.30502	22.71276	46.3595	4.742623	35.83817	28.23194	8.108766	86.22388	56.32295	46.39272	4.428326	3.203539	19.42101	36.96951	8.816936	5.69145	28.77121	31.09293	53.78045	5.608491	60.32287	16.69264	11.06184	89.65587	19.52165	39.77938	17.932	16.98841	5.014369	76.78009
16/01/2017 11:00:00	72	83.98997	47.36724	27.9731	5.721846	95.36686	31.07178	1.46607	12.73307	25.94925	84.73425	37.07312	42.51836	12.85899	53.79352	99.99268	55.88354	45.17774	8.645002	6.774286	39.55903	66.51891	8.412908	94.59647	6.291655	9.097453	7.598638	4.643706	1.591788	62.47065	11.938	8.860106	37.20185	58.51458	23.3428	48.58586	4.934793	36.48078	28.73549	7.764009	87.39729	60.93645	48.74807	4.472675	3.607841	20.72593	38.48772	8.735288	5.993108	28.69066	32.7124	54.36671	5.786776	62.56245	17.07608	11.33579	90.56374	20.80985	41.25883	18.91461	17.3787	5.07474	79.57741
16/01/2017 14:00:00	75	86.55325	49.9189	28.88345	5.957946	96.03856	31.57699	2.263207	13.33575	29.01021	85.93245	37.14081	41.8707	13.33555	56.70818	99.99999	58.00454	47.38832	8.373329	8.366214	41.67648	68.49442	9.003853	95.62879	8.80084	9.342118	7.859746	4.698553	1.783612	63.73126	12.2534	9.165764	38.96584	58.95205	23.87247	50.48285	5.14354	37.98463	30.97453	8.614885	88.41071	62.24766	50.54163	4.871796	3.402617	21.40149	39.75113	9.068588	5.963887	30.19507	33.6535	55.70326	5.599995	64.4109	17.39155	11.49598	92.58242	21.48956	41.4262	19.50031	17.84634	5.395529	82.47305
16/01/2017 17:00:00	78	89.05284	50.96224	30.09836	6.129394	96.59794	33.36124	1.467589	13.40559	28.52805	87.57266	38.30556	43.59629	14.06658	55.87023	99.99005	60.2323	50.38691	8.672773	6.573277	44.51778	70.10285	9.334177	96.73823	6.766275	9.305788	8.577652	4.702904	1.984486	65.23181	12.46083	9.563026	40.25442	61.35032	24.89163	52.57075	5.217037	38.65455	30.2846	8.495041	88.79953	63.66233	52.46582	5.310083	3.165962	20.66638	40.62484	8.979057	5.722741	30.50073	34.91124	57.28828	6.001395	65.49531	18.33278	12.03843	93.87274	22.42863	42.20719	19.91282	18.43827	5.453278	85.50467
16/01/2017 20:00:00	81	91.00437	53.65038	31.25513	6.483962	97.00762	34.6531	1.343391	13.35688	30.71204	88.0799	41.09767	45.92826	14.18795	57.88075	99.99198	63.07516	52.15532	8.764366	6.800606	44.76964	72.0682	9.681149	97.8179	7.047485	9.907574	8.563013	4.711814	1.553106	66.67102	12.95618	9.687364	41.9101	64.00178	25.05394	55.41735	5.565044	40.30046	30.51994	8.454146	89.70394	68.45068	54.15956	4.847135	3.431697	20.92735	41.7535	8.849747	5.487608	31.80662	36.67971	57.14344	6.189835	67.54893	19.06636	11.67882	94.6609	23.40276	42.87028	20.24378	18.9971	5.162261	87.23875
16/01/2017 23:00:00	84	92.27924	55.17152	32.45766	6.57231	97.58676	35.42288	1.630471	14.70884	32.09673	88.99252	41.09445	46.70391	14.46936	59.42577	99.99192	65.21365	53.12041	8.246917	6.93565	47.99659	72.52351	9.939281	98.09261	7.27502	9.921183	8.996465	4.930717	1.898209	68.81721	13.05537	9.522408	43.69481	66.25064	26.32226	58.06961	5.373012	40.94641	33.07237	9.048893	90.92155	68.60298	55.94033	5.178424	3.69909	22.67967	43.07492	8.951079	5.985095	33.15464	39.5591	60.2605	6.491076	69.88987	19.58651	12.61335	95.16246	23.96946	43.44567	21.53536	19.17737	5.486158	89.82538
17/01/2017 02:00:00	87	93.88905	57.16387	34.66905	6.704106	98.2738	36.04203	1.507101	14.28106	31.93772	89.77687	41.49052	47.63546	14.76922	60.59722	99.99433	66.47382	55.734	8.665792	7.1435	49.3714	74.65607	10.20681	98.97705	7.243035	9.893348	9.620772	5.337575	1.65596	69.64926	13.53683	10.16799	44.99588	67.80532	26.49819	59.70823	5.705334	42.2378	33.21212	9.397586	91.73457	71.28572	57.68733	5.426614	4.800647	22.54972	44.48471	8.611643	6.330958	33.17778	39.16114	59.98514	6.794664	71.02571	19.62298	12.86134	95.64654	25.17221	44.59549	21.75888	19.69129	5.026388	91.39009
17/01/2017 05:00:00	90	94.47157	58.80989	35.24432	6.980826	98.67561	37.41152	1.506617	15.3183	32.97593	91.09818	46.97116	49.30315	15.52877	62.75198	99.98818	69.843	58.34093	8.037964	7.312873	52.71642	76.01549	10.48381	99.24748	7.674349	10.69995	9.433024	5.300136	1.867885	71.53053	14.28409	10.68972	47.09673	69.87849	27.39481	62.86582	5.863312	43.55968	34.13462	9.140759	92.29713	74.37218	60.23819	4.938523	3.613852	24.65842	45.97515	9.324508	5.994005	35.76908	40.65165	60.6122	6.429803	73.52135	20.64083	13.41263	95.9875	26.22258	44.55501	22.46608	20.46212	5.156734	92.75179
17/01/2017 08:00:00	93	95.99546	60.61857	37.06821	7.154275	98.90501	38.19919	1.593308	15.41667	36.22038	91.91492	47.16263	49.7806	15.87975	65.73933	99.99503	70.59585	58.92092	9.104294	7.473335	54.00814	76.75452	10.7445	99.24956	7.699422	10.79852	9.731781	5.438014	1.772215	72.44659	14.52656	10.81088	48.19885	71.87772	27.8237	64.71734	6.032342	44.82045	34.37271	9.742068	92.56058	75.62892	61.38435	4.827862	4.995788	24.78897	46.78001	9.679005	6.306571	36.81387	42.08105	60.83947	6.388288	74.59763	20.92325	14.02147	96.73242	27.00106	45.19347	23.35536	20.60165	5.930938	94.03666
